Example 1:
              0         1         2         3         4         5         6         7         8         9
[CLS] -1.373793  0.171187 -0.422134 -0.241586 -0.687927 -0.082518  1.139068  1.186223 -0.727331  1.185432
CC     1.607365  0.746776  0.988933  0.682800  2.476331  0.498740 -0.827088  0.101786  0.396444  0.426057
(      0.348023  1.420170  0.394737 -0.418612 -0.392873 -0.987964 -1.590146 -1.350791  0.510734  0.629362
=      0.889394 -0.585499  0.755608 -1.133926 -0.445017 -1.046596  0.960058  0.564915  0.102799  1.093169
O     -1.611857  0.249891  0.534873  0.738759 -0.844344  0.306707 -0.551265 -2.560158 -0.461494  0.374817
)      0.486471  0.360146  0.153384 -1.177314 -0.656479  0.091208  0.111725 -1.061244 -0.066415  0.511156
O     -1.548795  0.104674  0.695641 -0.410081  0.302738  0.463247 -0.756584 -3.165396  0.123303  0.052712
[      0.969151  0.413711 -0.242147  0.993153  0.216670 -1.652131  0.723812 -1.087790  1.753705  0.024485
C      0.221998 -1.107157  0.139634 -1.179324 -0.709454  0.431258  0.422955 -0.186221  0.296369 -0.463225
@      0.779856  0.622296 -0.893504  1.111112 -0.754550 -0.319775  1.347162  1.284437  3.270382  0.583565

Example 2:
                 0         1         2         3         4         5         6         7         8         9
[CLS]    -0.755270  0.542805 -0.625215 -0.218254 -0.925939 -0.358691  1.684972  1.468685 -0.578169  0.589974
[UNK]     0.278253  1.705876 -1.121894  0.548258 -0.211377 -0.377111 -0.149834  1.982994  0.362850 -0.154625
CC1CCC2C -0.874890 -0.128671  0.103367 -0.551694  0.045863 -1.120798  0.959727  0.924922 -0.267312  0.303300
##1C     -0.797895  0.484994  0.137506 -1.006090 -1.060161 -1.297528  1.148719  0.595452  1.152772 -0.286065
=         0.323334  0.652513  0.615639 -1.649155  0.959366 -0.593238  0.908642  0.128975  0.160045  0.604514
C         0.204974 -0.814238 -0.189823 -0.907503 -0.717699  0.328078  0.064594  0.024020  0.293116 -0.508624
(        -0.070122  1.209278  0.389292 -0.261986 -0.233746 -1.288707 -1.439213 -0.968121  0.047473  0.513708
CC        0.296761  0.709635  0.191517  0.570347  1.689144 -0.289950 -1.138897  0.836447  0.072432  2.108972
=         0.357274  0.483047  0.060223 -1.319568  0.414504 -0.810307  0.707865  0.051767  0.137594  0.739567
C2C      -0.778128  1.177176 -0.286240  0.046313 -0.801934 -0.705284  0.151100  0.292510  0.750187  1.153058

Example 3:
               0         1         2         3         4         5         6         7         8         9
[CLS]  -0.345759  0.162805 -0.953161  0.194586 -0.414513  0.134570  1.270313  1.058011 -0.614232  1.114999
CC1CCC -0.058454 -0.288466 -1.080808 -0.108301 -0.248727 -1.210346 -0.490330  1.061333 -0.684218 -0.161950
=       0.961916  0.181467  0.044977 -1.177782  0.630463 -0.493107  0.628936  0.864256 -0.735256  1.174741
C2C1   -0.679607  1.185331 -1.013551  0.375311  0.040355  0.411529 -0.043165  2.233876 -1.065748  0.698212
(       0.276709  1.544898  0.057303 -0.479825 -0.516982 -1.003338 -1.738831 -0.695903  0.698491  0.610492
C3C    -0.647563 -0.091141 -0.811585  0.196411  0.578852 -0.134086  0.517460  1.789893  0.468005  2.061902
(       0.285715  1.582217  0.057367 -0.449100 -0.516045 -0.973795 -1.737669 -0.688787  0.713974  0.622986
C3     -0.037644  0.435266 -0.409864 -0.034785  0.828613  0.498349 -0.379119  0.050730  1.358052  2.153475
(       0.289601  1.620913  0.069017 -0.429994 -0.511409 -0.960352 -1.745430 -0.672369  0.732614  0.640333
C       0.008493 -0.972087 -0.150443 -1.424475 -0.627956  0.383545  0.453119  0.049022  0.455998 -0.577162

Example 4:
              0         1         2         3         4         5         6         7         8         9
[CLS] -0.968000  0.700396 -0.500831 -0.230505 -0.695188  0.213372  1.449857  1.588769 -0.587963  0.924695
CC     0.693255  0.753152  0.391049  0.690254  2.035586  0.773056 -1.166945  0.474786  0.695064  1.049004
(      0.263280  1.748608  0.026648 -0.357915 -0.645411 -0.598807 -1.557086 -1.159312  0.620567  0.550082
=      1.190364  0.534047 -0.275968 -2.053683  1.396252  0.147623  1.030401  0.438772 -0.591016  0.952697
C1CCC  0.544434 -0.148879  0.943884 -0.428992 -0.596815 -0.338602 -1.080094 -0.029364  0.257872 -0.209101
(      0.258468  1.754316  0.028130 -0.379359 -0.643052 -0.596791 -1.560531 -1.164789  0.640082  0.575951
CC1    1.159374  0.691227  0.625092  0.052266  1.313346  1.337753  0.114365  1.601166  1.974360  0.100266
)      0.398738  0.536721 -0.145930 -1.148381 -0.686257  0.192348  0.050422 -0.396567 -0.354094  0.562558
(      0.261290  1.789260  0.033342 -0.360281 -0.640530 -0.591159 -1.565410 -1.137615  0.671912  0.590586
C      0.130178 -0.842415 -0.315521 -1.186060 -0.783484  0.245566  0.444987  0.362020  0.291583 -0.503641

Example 5:
              0         1         2         3         4         5         6         7         8         9
[CLS] -1.285224  0.392231 -0.120060 -0.446012 -0.937262  0.133975  1.246995  1.520707 -0.589624  0.820908
[UNK]  0.049384  0.168043 -0.141405 -0.265079  0.334228 -0.660617 -0.299729  0.744393 -0.080755  1.393066
CC     0.582143  1.034270  0.328983 -0.102214  1.894108  0.331424 -0.971474 -0.101810  1.217071  1.024368
(      0.224282  1.700210  0.461078 -0.504803 -0.740886 -0.904770 -1.509335 -1.006259  0.295678  0.412624
C      0.024681 -0.671525  0.049545 -1.076385 -0.960749  0.585957  0.174029  0.015014  0.254337 -0.480345
)      0.486612  0.614808 -0.149472 -1.119538 -0.916610  0.232605  0.098688 -0.308870 -0.194820  0.458961
C1     0.386392  1.720595 -0.531234 -0.767448 -0.413900  1.399709 -0.503976  0.543528  1.133595  0.570688
=      0.439372 -0.294851  0.844912 -1.706309  0.744031 -0.709141  0.528044  0.427623 -0.569381  1.575301
CC    -0.344285  0.039651  0.455766  0.332516  0.966713  0.078327 -0.795783  0.708746  1.331967  2.034401
(      0.204790  1.648269  0.473572 -0.564045 -0.731886 -0.921611 -1.502400 -1.064770  0.234977  0.384372

Example 6:
              0         1         2         3         4         5         6         7         8         9
[CLS] -1.009892 -0.433974 -0.348610  0.036466 -0.340146 -0.008704  1.056288  0.867667 -0.864895  1.144058
C      0.185030 -1.192001  0.329278 -1.360452 -0.912828  0.193240  0.423889 -0.130459  0.362949 -0.598445
[      0.927230  0.520494 -0.106995  0.822188  0.240976 -1.576059  0.739333 -1.169204  1.918013  0.051428
C      0.283639 -1.111798  0.277325 -1.423785 -0.935872  0.184072  0.584155 -0.138447  0.304973 -0.728666
@      0.734434  0.543779 -0.766817  0.947913 -0.644101 -0.474772  1.100855  1.214144  3.427557  0.620034
@      0.833835  0.590254 -0.801633  0.987019 -0.535618 -0.483938  0.972818  1.135756  3.354270  0.508408
H     -0.050710  1.087235  1.108899  0.434405  0.161527  0.550096  0.556982  0.895241 -2.413081 -0.260839
]      0.864547 -0.048323 -0.718948 -0.080218  1.551950 -0.197801 -1.738845 -0.209834 -0.070272 -1.099877
1CCC2 -1.480879 -0.183331  0.674135 -0.653259 -1.502979 -1.955347 -1.029293  1.227659  0.586464  0.240776
=      0.867820 -0.377760  0.108465 -1.345191  0.540724 -0.496115  0.399409  0.207228 -0.502482  1.653063

Example 7:
              0         1         2         3         4         5         6         7         8         9
[CLS] -1.430131 -0.169511 -0.186950 -0.154316 -0.288042  0.088562  1.047149  1.280571 -0.375540  1.093011
CC1    0.528736  0.960939  0.291330 -0.000172 -0.562830  1.957802 -1.595976  0.694447  2.462131  0.007915
=      0.364401 -0.044647  0.613218 -1.145684  0.161807 -0.782448  0.393305  0.310504 -0.317609  1.820003
CC     0.260837 -0.051366  1.742948 -1.086877  0.735036 -0.212088 -0.286145  1.038062  1.349190  1.411743
[      0.862700  0.493965 -0.102284  0.673324  0.157586 -1.618063  0.993163 -1.064911  2.058084  0.135799
C      0.021984 -1.037407  0.226957 -1.400954 -0.942815  0.496980  0.294733 -0.104731  0.407701 -0.517624
@      0.696813  0.820339 -0.577132  0.800942 -0.705599 -0.445673  0.932744  1.278631  3.501225  0.741060
@      0.443639  0.551972 -0.449659  0.898549  0.215377 -0.541891  0.913779  0.627359  3.424908  1.027434
]      0.771340 -0.014225 -0.483693 -0.082965  1.523576  0.147818 -1.620426 -0.411587  0.069653 -0.963285
2     -0.916770  1.240235  0.312955 -0.960236 -1.061119 -0.251753 -0.812124  2.004209  2.496280 -0.020342

Example 8:
               0         1         2         3         4         5         6         7         8         9
[CLS]  -0.944210 -0.351299 -0.147555 -0.394131 -0.195819  0.144858  0.824393  0.917029 -0.691757  0.879799
C       0.167233 -0.764746  0.370067 -1.673375 -0.707223  0.565732  0.318965 -0.278401  0.856211 -0.434506
[       0.932961  0.945963 -0.184648  0.508591  0.040245 -1.515682  0.579639 -0.935871  2.164491 -0.300280
C       0.319020 -0.678325  0.216294 -1.633838 -0.821564  0.547492  0.423691 -0.278997  0.641360 -0.567001
@       0.629808  0.258946  0.071845  0.989298  0.034946 -0.547105  1.022689  0.017878  3.676728  1.129067
]       1.178090  0.139879 -0.770095 -0.091542  1.713656  0.382041 -1.926788 -0.241831 -0.016200 -1.053278
12CCCC -0.353444  0.554263  0.088784 -2.505883 -0.432194  0.645642 -0.482045  0.610114  0.388636  0.757420
(       1.224922  0.828268  1.370269 -1.419758 -0.784150 -1.277398 -1.547386 -1.171067 -0.629451 -0.129712
[       0.984374  0.787054 -0.216576  0.606080  0.097424 -1.495380  0.532801 -0.840322  2.129117 -0.159093
C       0.266417 -0.642667  0.189662 -1.627518 -0.914839  0.560293  0.425752 -0.217074  0.616092 -0.488045

Example 9:
              0         1         2         3         4         5         6         7         8         9
[CLS] -1.217603  0.726609  0.053672 -0.663266 -1.021297 -0.204970  1.389426  1.398773 -0.777309  0.342895
CC     1.327469  0.950986  0.018403  0.788436  2.227884  0.475481 -0.959724  0.012755  0.935960  0.784017
(      0.461232  0.784173  0.336055 -0.292672 -0.384204 -0.735115 -1.462751 -1.303404 -0.268817  0.008488
CCC    0.720600 -0.770540  1.185592 -0.247360 -0.348829 -0.218761  0.829276  0.605675  2.097296  1.000327
=      0.511826  0.703594  0.280743 -1.273430  1.934696 -0.722124  0.467977  0.364258 -0.559066  1.456826
C      0.125541 -0.535227 -0.013249 -1.107300 -0.815384  0.348232  0.165634 -0.052239  0.275833 -0.415748
(      0.470845  0.792511  0.342570 -0.258563 -0.395498 -0.720973 -1.455164 -1.289338 -0.247602  0.009741
C      0.142850 -0.548283 -0.073639 -1.180724 -0.802522  0.350411  0.244149  0.007557  0.305292 -0.411662
)      0.469809  0.635764  0.004281 -1.258553 -0.687272  0.183954  0.116469 -0.622742 -0.193299  0.414186
C      0.205256 -0.569826 -0.181971 -1.191785 -0.878009  0.346086  0.244552  0.089063  0.352498 -0.285522

Example 10:
                0         1         2         3         4         5         6         7         8         9
[CLS]   -0.462440  0.222213 -0.910953  0.097765 -1.007212  0.107750  1.304750  1.334262 -0.467266  1.421051
CC1CCC2  0.123281  1.231208 -0.856231  0.576282 -1.423791 -0.603231  0.145280  2.420211 -0.053212  0.394963
##3C1   -0.423061 -0.171346  0.412675 -0.477482 -0.484742 -1.302662  0.807906  0.778393  0.111645  0.397019
##CCC2  -1.062532  0.423632 -0.009710 -0.906131  0.370063 -1.477946  0.159415  1.389316 -0.084997  0.302453
(        0.349529  1.963058  0.513636 -0.541947 -1.027619 -0.914798 -1.650808 -0.546555  0.638690  0.679661
C        0.529453 -1.062183 -0.285452 -1.201561 -0.658062  0.245852  0.142713 -0.033013  0.157655 -0.077417
=        0.892503  0.049996 -0.193349 -1.573590  0.591176 -0.670571  0.685175  0.619157 -0.824474  0.743286
C        0.426617 -0.697283 -0.178595 -1.355567 -1.006185  0.150716  0.228170 -0.090793  0.137634 -0.232194
(        0.351984  1.993498  0.511922 -0.508175 -1.025983 -0.892103 -1.651481 -0.509938  0.669568  0.711305
C3C      0.288361  0.321593  0.428725 -1.975250  0.480573 -0.227185 -0.056299  0.727780  0.295771  0.809577

Example 11:
              0         1         2         3         4         5         6         7         8         9
[CLS] -1.389102 -0.344595 -0.329161 -0.116925 -0.419100 -0.214920  1.178028  1.239747 -0.746910  1.049424
C      0.040815 -1.110292  0.404381 -1.186289 -0.867334  0.329847  0.408796 -0.303192  0.435417 -0.346905
[      0.817461  0.590640 -0.221465  0.796082  0.200825 -1.471683  0.873111 -1.141330  2.023540  0.012952
C      0.098552 -1.064159  0.339773 -1.215691 -0.923696  0.304886  0.496185 -0.313402  0.297565 -0.509124
@      0.826050  0.738620 -0.968897  0.908978 -0.713917 -0.519157  1.108345  1.264555  3.335168  0.696826
@      0.882117  0.739325 -0.977416  0.940370 -0.528930 -0.482822  0.974997  1.199072  3.316826  0.607141
H     -0.026191  0.949327  0.837938  0.317068  0.617080  0.709047  0.716811  0.537255 -2.312255 -0.188584
]      0.795259 -0.064479 -0.787587 -0.118395  1.664762  0.077226 -1.606044 -0.346632  0.117605 -1.089227
1CC    0.244318  0.434804  2.756267 -0.233791 -0.060479 -2.651070 -0.697026  0.266085  1.085981  0.845363
[      0.828264  0.551358 -0.258378  0.816537  0.148542 -1.500497  0.903087 -1.111106  2.055510 -0.014357

Example 12:
              0         1         2         3         4         5         6         7         8         9
[CLS] -1.614211  0.386236 -0.199749 -0.323308 -0.087419 -0.251385  1.002243  1.666384 -0.826154  0.236807
CC     1.102279  0.933665  0.340991  1.139927  2.123262  0.990394 -1.106663  0.172455  0.854262  0.739413
(      0.472742  0.850291  0.676912 -0.239613 -0.221064 -1.511107 -1.395494 -0.923643 -0.367569 -0.015652
=      0.572424  0.350052  0.533193 -1.167370  0.808355 -0.454884  0.686938  0.134384 -0.684274  1.497326
CCC   -0.236687 -0.789090  1.261176 -0.515772 -0.052039 -0.696462  0.787623  0.774538  1.509151  1.745572
/     -0.053256 -0.446537  0.885035 -0.260390  2.263119 -0.504469  0.243427  1.171834 -1.355241 -1.270302
C      0.372948 -0.631395 -0.033450 -1.133511 -0.963946  0.454259  0.315451 -0.140226  0.040913 -0.518041
(      0.479079  0.848888  0.671553 -0.234478 -0.218673 -1.511803 -1.391713 -0.920312 -0.359324 -0.013869
=      1.246023 -0.300062  0.775849 -1.498680  0.070070 -0.548788  1.340890  0.390447  0.235125  0.578830
C      0.305637 -0.640031  0.007923 -1.113045 -0.863995  0.277899  0.268333 -0.216395  0.073401 -0.421532

Example 13:
              0         1         2         3         4         5         6         7         8         9
[CLS] -1.287092  0.100956 -0.293532 -0.258001 -0.256743 -0.083146  1.053952  1.306149 -0.684746  0.831713
C     -0.022203 -1.183092  0.287798 -1.140972 -0.984719  0.234684  0.292934  0.014103  0.469972 -0.581285
[      0.876460  0.575671 -0.295385  0.990058  0.290679 -1.518276  0.773210 -1.166021  2.157509 -0.071329
C      0.024062 -1.071168  0.273815 -1.164921 -1.029287  0.179648  0.424144 -0.061698  0.344194 -0.697106
@      0.882506  0.749332 -0.802903  1.098587 -0.531664 -0.519140  0.985451  1.386699  3.393399  0.479174
H      0.217781  0.950224  0.476545  0.708358  0.692160  0.724839  0.391801  0.567968 -1.848899 -0.278737
]      0.740924 -0.099649 -0.812389 -0.067710  1.704309 -0.041982 -1.861333 -0.143122  0.303078 -1.192486
1CC   -1.260036  1.503969  1.169926 -1.429651  1.202179 -2.167016 -0.804557  1.084526  0.517737  1.030218
[      0.913883  0.533856 -0.330702  0.951686  0.244056 -1.532502  0.798298 -1.120042  2.193220 -0.078585
C      0.082439 -1.071061  0.242665 -1.183039 -1.048403  0.214534  0.412417 -0.061141  0.345093 -0.704717

Example 14:
              0         1         2         3         4         5         6         7         8         9
[CLS] -1.170026  0.008888 -0.493029 -0.224779 -0.449407 -0.085901  1.342053  1.393417 -0.573802  0.643611
C      0.339581 -1.117555  0.359496 -0.822208 -0.771773  0.273955  0.547358  0.021322  0.593331 -0.522993
[      0.895639  0.639212 -0.387277  0.853099  0.127326 -1.603379  1.080399 -1.096438  2.272913  0.042108
C      0.363627 -0.978442  0.333191 -0.865420 -0.799164  0.229596  0.690333 -0.057549  0.502913 -0.618766
@      0.990869  0.741545 -0.689252  1.082406 -0.705353 -0.532810  1.189804  1.236729  3.621942  0.573699
H      0.069990  1.020514  0.209891  0.464480  0.619410  1.170021  0.559195  0.398940 -1.640389 -0.676165
]      0.977533  0.003844 -0.780443 -0.123545  1.483847  0.042668 -1.515323 -0.208889  0.473341 -0.981890
1CCCC -0.435760  0.869172  0.736867 -1.108031  0.719984 -0.904674 -0.980869  1.159313 -0.200093  0.822383
(      0.372275  1.626548  0.553720 -0.420074 -0.648888 -1.182436 -1.565984 -1.176891  0.486209  0.537596
C2    -0.021189  1.093960  0.345095 -0.981096 -1.364012  0.041052 -0.960956  0.205783  0.702600  1.087411

Example 15:
              0         1         2         3         4         5         6         7         8         9
[CLS] -1.172199 -0.143921 -0.206447 -0.052097 -0.338215 -0.386510  1.301290  0.946826 -0.627848  1.079642
[UNK]  0.559640  0.041647  0.464206 -0.876802 -0.058909 -1.086844  0.111383  0.794009 -0.768219  0.414909
C      0.082202 -0.988908  0.404145 -1.147398 -0.860601  0.205482  0.404772 -0.204713  0.323162 -0.397839
[      0.824777  0.525122 -0.217935  0.876489  0.225021 -1.534769  0.841248 -0.991546  1.950690 -0.024631
C      0.172148 -1.095300  0.317702 -1.225793 -0.958991  0.222415  0.506315 -0.184954  0.263119 -0.621404
@      0.782160  0.771794 -0.833765  1.030230 -0.655386 -0.533204  1.138661  1.296477  3.226505  0.702039
@      0.827069  0.795357 -0.821886  1.000382 -0.570777 -0.517518  1.036459  1.288457  3.177160  0.604266
H     -0.157122  0.794615  0.981930  0.327972  0.764569  0.630500  0.434752  0.612084 -2.372738 -0.258142
]      0.732245  0.025189 -0.763446 -0.214008  1.641564  0.056703 -1.617549 -0.195148  0.160494 -1.172521
1CC   -0.292265  0.788835  2.426705 -0.262437  0.000864 -2.937058 -0.705917  0.654501  0.877861  0.843840

Example 16:
              0         1         2         3         4         5         6         7         8         9
[CLS] -1.354441 -0.190110 -0.376224 -0.405942 -0.515032 -0.037008  1.091980  1.266611 -0.603247  0.951891
C      0.038155 -1.225576  0.455438 -1.358446 -0.943736  0.343932  0.437929 -0.212273  0.615556 -0.467950
[      0.833666  0.425879 -0.153163  0.692743  0.238053 -1.503588  0.921910 -1.100511  1.922835  0.024645
C      0.110639 -1.138189  0.398971 -1.408694 -1.001746  0.315105  0.545376 -0.219437  0.482571 -0.617253
@      0.695590  0.570456 -0.724455  0.899696 -0.741627 -0.489777  1.125061  1.266563  3.467202  0.642682
@      0.792570  0.596315 -0.755279  0.903885 -0.583240 -0.504464  0.966842  1.271921  3.416408  0.573223
H      0.098726  0.680524  1.116747  0.517881  0.529530  0.419397  1.110126  0.771589 -1.860754 -0.138598
]      0.852918 -0.229180 -0.689969 -0.186510  1.665120  0.112391 -1.668080 -0.411144  0.179155 -0.999285
1CC    0.000632 -0.338210  2.221893 -0.313241 -0.285545 -2.508139 -0.197568  0.586788  1.719286  0.896830
[      0.851821  0.386525 -0.188566  0.718439  0.198025 -1.551342  0.930330 -1.043441  1.967939  0.001646

Example 17:
              0         1         2         3         4         5         6         7         8         9
[CLS] -1.500433  0.017697 -0.225329 -0.447093 -0.533472  0.030240  1.104663  1.209947 -1.069456  0.725553
CC     1.118191  0.831908  0.825417  0.792019  1.889618  0.885452 -1.402525  0.173750  0.407577  0.446841
(      0.252980  1.639325  0.410808 -0.543115 -0.705488 -0.976314 -1.558101 -1.207548  0.429841  0.594509
=      1.089817 -0.526338  0.950425 -1.369493 -0.419201 -0.920945  0.687218  0.375956 -0.008568  1.518758
C      0.321113 -0.857119  0.557597 -0.977423 -1.952404  0.485633  0.837510 -0.812656 -0.563039 -0.562181
)      0.524163  0.226526  0.026147 -1.093038 -0.676305  0.144447  0.036305 -0.971830 -0.163373  0.551127
[      0.945970  0.286808 -0.014798  0.879992  0.319937 -1.331691  0.755299 -1.073363  2.009062 -0.152684
C      0.193476 -0.975345  0.258197 -1.308984 -0.914720  0.323961  0.493707 -0.114802  0.336193 -0.661155
@      0.802563  0.750224 -0.704279  1.024690 -0.834231 -0.540091  1.005276  1.144294  3.619861  0.667033
@      0.850451  0.791833 -0.759286  1.016837 -0.794003 -0.550983  0.936679  1.200646  3.561083  0.590718

Example 18:
              0         1         2         3         4         5         6         7         8         9
[CLS] -1.207951 -0.295505 -0.250600 -0.075126 -0.411690 -0.011763  1.114953  1.098608 -0.429856  1.219782
C     -0.142480 -1.307608  0.534408 -1.297083 -0.966204  0.370621  0.405460 -0.202427  0.651784 -0.496713
[      0.773274  0.631034 -0.077208  0.664705  0.165326 -1.442618  0.973294 -1.101882  2.123080  0.022307
C     -0.087021 -1.242806  0.456857 -1.304830 -0.992677  0.329350  0.511746 -0.216965  0.492496 -0.662703
@      0.809825  0.742095 -0.759183  0.771552 -0.805304 -0.415278  1.138391  1.270167  3.286225  0.658267
@      0.872389  0.762219 -0.792956  0.783121 -0.651702 -0.383579  0.986749  1.320036  3.295807  0.592230
H      0.077248  0.795943  1.013367  0.380995  0.510853  0.812357  0.914526  0.747769 -1.840084 -0.200634
]      0.860985 -0.123093 -0.593771 -0.115843  1.430516  0.098328 -1.614407 -0.291960  0.125708 -1.096448
1CC   -0.437978  0.708403  1.945720 -1.153357  0.813241 -2.017416 -0.710059  0.896938  0.841334  0.692491
[      0.824235  0.572879 -0.106809  0.702688  0.094855 -1.483027  1.000859 -1.053768  2.159889  0.006812

Example 19:
              0         1         2         3         4         5         6         7         8         9
[CLS] -1.167898  0.073831 -0.238490 -0.086791 -0.102450  0.506334  0.992499  1.714296 -0.626744  0.290816
C      0.278761 -1.106252  0.053341 -1.194479 -0.598711  0.153244  0.403056  0.001385  0.295428 -0.546938
/     -0.694455  0.955708  0.868592 -0.117790  0.817441 -1.075531  0.766533 -0.118393 -1.315023  0.303993
C      0.343212 -1.053711  0.093993 -1.153974 -0.696728  0.172298  0.486752 -0.086102  0.169378 -0.478478
/     -0.144057  0.157432  0.913599  0.109180  2.481694 -0.965113  0.718599  1.271263 -1.726673 -0.565862
1     -0.020617  0.352461 -0.959523 -0.906537 -0.059439  2.074729  0.865614  1.207937  0.114508 -0.408879
=      1.105955 -0.232169  0.757350 -1.189688 -0.079342 -0.732515  0.773655  0.769942 -0.054689  1.143881
C      0.543143 -1.000384  0.055167 -1.231661 -0.703955  0.178918  0.437521 -0.162988  0.074843 -0.385961
\      0.138795 -0.640666  0.887961  0.040509 -0.416635  0.843215 -0.748084  0.205716  2.178393  0.426403
CCC    0.047595 -1.083766  0.634125  0.370648 -0.500359 -0.144156 -0.059217  1.402241  1.387846  1.227740

Example 20:
              0         1         2         3         4         5         6         7         8         9
[CLS] -1.534074  0.071917 -0.306655 -0.172184 -0.465021 -0.015224  0.899006  1.258380 -0.695514  0.835804
C      0.245269 -1.197403  0.273790 -1.229269 -0.848542  0.194746  0.396729 -0.091594  0.379161 -0.460231
[      0.904047  0.617024 -0.108232  0.867565  0.243319 -1.564644  0.685770 -1.130069  1.967911  0.095963
C      0.293392 -1.029543  0.244031 -1.235694 -0.918653  0.120869  0.597399 -0.131436  0.303947 -0.568640
@      0.988974  0.628737 -0.688344  0.974789 -0.606795 -0.473357  0.884242  1.214497  3.514620  0.607835
H     -0.126306  0.879796  0.134851  0.322245  0.907833  0.844935  0.033584  0.334835 -0.950730 -0.815149
]      0.840157 -0.083638 -0.711792 -0.235778  1.603343 -0.095203 -1.790779 -0.282252  0.212443 -1.043760
1CCC2 -1.654510 -0.479966  0.539620 -0.777401 -1.398989 -1.020470 -1.248633  0.962257  1.224120 -0.453976
=      0.485559  0.004609 -0.264604 -1.456399  1.276540 -0.124470  0.688859  0.990591 -0.253757  1.602471
C      0.638366 -0.801151  0.118808 -1.148443 -0.895157 -0.018734  0.525299 -0.282120  0.249209 -0.138330

Example 21:
              0         1         2         3         4         5         6         7         8         9
[CLS] -1.218302 -0.045825 -0.391637 -0.190172 -0.457521  0.041574  1.399025  1.104366 -0.654516  1.018651
C      0.253086 -1.024810  0.291101 -1.163276 -0.790750  0.236722  0.487496 -0.210303  0.435103 -0.160443
[      0.949950  0.584289 -0.230343  0.817811  0.190705 -1.506532  0.814864 -1.312276  1.966825  0.125992
C      0.335172 -0.965263  0.227343 -1.175009 -0.829046  0.234073  0.600858 -0.217285  0.299908 -0.370951
@      0.895128  0.654824 -0.750589  0.953822 -0.711959 -0.496496  1.030773  0.986719  3.542376  0.819428
@      0.991283  0.661325 -0.767910  0.966661 -0.538210 -0.476777  0.883408  0.973492  3.483675  0.734070
H      0.361938  1.116719  0.845819  0.077585  0.435321  0.692691  0.079681  0.230022 -1.881879  0.140341
]      0.780744 -0.124001 -0.785853 -0.127042  1.725010  0.016798 -1.697169 -0.570786  0.285985 -0.887523
1CC   -0.435287  0.407003  1.978799 -0.821746  0.283932 -2.392886 -0.792001  0.665524  1.208044  1.373518
[      0.951895  0.551231 -0.249347  0.776646  0.170486 -1.534021  0.838277 -1.281535  2.006290  0.130294

Example 22:
              0         1         2         3         4         5         6         7         8         9
[CLS] -1.109003 -0.461129 -0.188756  0.008941 -0.314765  0.070886  1.079779  0.900834 -0.643089  1.213059
C     -0.135708 -1.060137  0.467784 -1.457711 -1.060609  0.547799  0.244607 -0.154512  0.522391 -0.364643
[      0.826974  0.832288 -0.124873  0.473406  0.075692 -1.540818  0.830577 -1.000716  2.123706 -0.013687
C     -0.099714 -0.973054  0.394432 -1.480441 -1.083634  0.508388  0.353484 -0.164680  0.369676 -0.544998
@      0.960297  0.853676 -0.750371  0.811873 -0.726879 -0.503903  1.181466  1.215317  3.305485  0.756171
@      1.021033  0.871170 -0.758223  0.803976 -0.566851 -0.463667  1.028687  1.194105  3.318084  0.659206
H      0.169571  0.848771  1.160912  0.223489  0.727181  0.838238  0.873164  0.570404 -1.976158 -0.191035
]      0.986350  0.069229 -0.539937 -0.428111  1.345196  0.045415 -1.619683 -0.154838  0.108253 -1.128306
1CC   -0.330085  0.723341  2.272851 -1.289683  0.687963 -2.079762 -0.753033  0.861125  0.900298  0.805470
[      0.875046  0.777955 -0.149448  0.501877  0.014378 -1.578925  0.852444 -0.952384  2.157591 -0.026508

Example 23:
              0         1         2         3         4         5         6         7         8         9
[CLS] -1.949055  0.139314 -0.075088 -0.643906 -0.015228 -0.315724  0.975053  2.234246 -0.941133  0.194851
C      0.246788 -0.972395 -0.142053 -0.811351 -0.780649  0.236129  0.085438  0.004294  0.472468 -0.395404
/     -0.951224  0.917382  1.025808 -0.376279  0.663852 -1.497091  1.275419  0.521153 -0.771902  1.524107
C      0.314863 -0.914964 -0.072193 -0.755314 -0.825728  0.253852  0.194628 -0.096340  0.426351 -0.373490
/     -0.644917 -0.077946  1.123170  0.001893  2.134115 -1.342479  0.684125  1.548146 -1.359626 -0.277217
1     -0.348607  0.481115 -0.951113 -1.083536  0.433976  1.565004  0.438217  1.261589  0.044009 -0.371849
=      1.061228  0.155688  0.652734 -1.494034 -0.427878 -0.523934  1.040883  0.712285  0.449043  1.090007
C      0.458102 -0.890341 -0.114241 -0.845772 -0.822126  0.251419  0.217078 -0.121166  0.345724 -0.361744
\     -0.136963 -0.245214  1.189011 -0.101929 -0.544649  0.665448 -0.656446  0.368047  2.734979  0.911931
CC     0.619733 -0.001947  0.627942  0.576400  1.683034 -0.742917 -1.026041  0.240255  1.119369  1.455673

Example 24:
              0         1         2         3         4         5         6         7         8         9
[CLS] -1.226488 -0.034081 -0.274535 -0.140802 -0.099437  0.512130  0.946510  1.802177 -0.711536  0.246786
C      0.275723 -1.139696  0.061932 -1.197047 -0.614934  0.118786  0.409569 -0.064582  0.284911 -0.515754
/     -0.649987  0.745657  0.870879 -0.136928  0.766233 -1.161905  0.796199 -0.027021 -1.286867  0.467569
C      0.330033 -1.092474  0.101140 -1.169252 -0.711451  0.158888  0.493728 -0.137975  0.153962 -0.467430
/     -0.233715  0.062435  0.885980  0.093161  2.345077 -0.913469  0.680474  1.229018 -1.779652 -0.574465
1      0.039959  0.328531 -0.905918 -0.911061 -0.112939  2.021249  0.832422  1.182259  0.118690 -0.391524
=      1.075817 -0.314475  0.732182 -1.177784 -0.095349 -0.754982  0.799659  0.729940 -0.072071  1.200730
C      0.502330 -1.052239  0.061353 -1.240989 -0.712209  0.151073  0.427734 -0.220610  0.096446 -0.377753
\      0.182997 -0.722761  0.892734  0.054689 -0.509910  0.851756 -0.727916  0.137138  2.149226  0.394762
CCC    0.090272 -1.145372  0.633466  0.359435 -0.447829 -0.208203 -0.051931  1.386910  1.415492  1.224534

Example 25:
              0         1         2         3         4         5         6         7         8         9
[CLS] -1.386777  0.352213 -0.425677 -0.542199 -0.868722 -0.004524  1.259293  1.355984 -0.654143  0.760247
CC     0.867729  0.627261  0.593987  0.553430  1.721980  0.747079 -1.029011  0.552434  0.296853  0.798001
(      0.133777  1.492903  0.293952 -0.547850 -0.626148 -0.966447 -1.544437 -1.194892  0.397521  0.591741
=      0.990892  0.006890  0.240679 -1.691132  1.109588  0.378177  1.284720  0.390715 -0.470945  1.555739
C1CC   0.115721 -0.990301  1.256516 -0.335602 -0.989024 -0.936817 -0.843761  0.573437  0.061428  0.465591
[      0.911301  0.411821 -0.231481  0.761166  0.120405 -1.501480  0.883473 -1.055294  1.877962 -0.102848
C      0.165508 -0.896518  0.182104 -1.402732 -0.977586  0.378533  0.409515 -0.011708  0.330708 -0.764140
@      0.784010  0.703224 -0.653089  0.846013 -0.851906 -0.620930  0.959600  1.239101  3.642320  0.606932
@      0.099999  0.598408 -0.080691 -0.042582  0.541444  0.359625  0.157765 -0.019808  0.608469 -0.625318
]      0.662384 -0.004601 -0.856625 -0.175705  1.392892 -0.129128 -1.660541 -0.041310 -0.043585 -1.210453

Example 26:
              0         1         2         3         4         5         6         7         8         9
[CLS] -1.409988  0.066213 -0.282431 -0.326169 -0.448695 -0.132316  0.937436  1.330287 -0.900693  0.972758
CC1    0.112947  0.959943  0.514916  0.032320 -0.521979  1.507946 -1.761395  1.113318  1.713541  0.400155
=      0.659545 -0.059072  0.333745 -1.171905  0.476386 -1.058297  0.526214  0.539493 -0.438321  1.645597
C      0.114324 -1.081368  0.460593 -1.386297 -0.765956  0.216625 -0.173782 -0.411203  0.482385 -0.339562
[      0.938914  0.467477 -0.091098  0.970920  0.299755 -1.665932  0.801501 -1.047804  1.849477  0.039352
C      0.045471 -1.102073  0.245202 -1.291133 -1.012262  0.180907  0.306985 -0.055223  0.318869 -0.633476
@      0.778508  0.746164 -0.879830  1.001433 -0.713679 -0.492833  1.070486  1.419693  3.502349  0.474058
@      0.827076  0.758417 -0.932674  0.994736 -0.620390 -0.461953  1.002954  1.418816  3.457961  0.355932
H     -0.071677  0.892827  0.607628  0.516402  0.612394  0.355172  0.336682  1.141221 -2.083734 -0.300664
]      0.588204 -0.047577 -0.692928 -0.149985  1.584356  0.092135 -1.793253 -0.315972  0.221076 -1.055461

Example 27:
              0         1         2         3         4         5         6         7         8         9
[CLS] -1.483434  0.022280 -0.310823 -0.419911 -0.477001 -0.178812  0.986436  1.334908 -0.934791  0.939625
CC1    0.027727  0.967601  0.359860 -0.049505 -0.673288  1.380453 -1.621902  1.031070  1.880481  0.444508
=      0.665768  0.037643  0.411982 -1.228222  0.495377 -1.029855  0.599733  0.485705 -0.366620  1.752028
C      0.169505 -1.008490  0.454315 -1.136652 -0.665598  0.233298 -0.044283 -0.337726  0.554997 -0.308065
[      0.941844  0.454231 -0.146807  0.956983  0.222365 -1.654132  0.876438 -1.068819  1.961883  0.025414
C      0.090869 -0.984905  0.266136 -1.080327 -0.892892  0.185093  0.394872 -0.079032  0.406373 -0.559711
@      0.791603  0.812504 -0.853986  1.054428 -0.625481 -0.440308  0.975666  1.259740  3.525995  0.513285
H     -0.157107  1.058372  0.284644  0.728497  0.628613  0.519671  0.532465  0.768180 -1.895803 -0.273833
]      0.541870 -0.028835 -0.633028 -0.152602  1.534458  0.097616 -1.746374 -0.375529  0.268878 -0.929249
2     -1.203099  0.975401  0.836047 -1.229506 -0.336087 -0.450389 -0.813442  0.577909  2.088516 -0.930880

Example 28:
              0         1         2         3         4         5         6         7         8         9
[CLS] -1.513442 -0.244977 -0.129619 -0.536792 -0.219731 -0.238642  0.691274  0.896409 -0.676709  0.966549
CC     1.340048  0.952067  0.678182  0.489834  2.217367  0.698244 -1.336556 -0.427525  0.985721  0.051939
(      0.351760  1.552304  0.595143 -0.528164 -0.603887 -1.051373 -1.722827 -1.154835  0.700260  0.745802
C      0.197020 -0.987165  0.389498 -1.222147 -0.884134  0.041304  0.498173 -0.433040  0.445991 -0.486384
)      0.443003  0.177343  0.062131 -1.032131 -0.422540  0.104189  0.095237 -1.190643 -0.127710  0.536791
[      0.770242  0.332563 -0.072006  0.907883  0.373560 -1.439827  0.744284 -1.135712  2.143886 -0.105625
C      0.143787 -1.176439  0.282740 -1.251939 -0.957324  0.210676  0.423929 -0.324170  0.336103 -0.629625
@      0.750733  0.665115 -0.810371  1.131619 -0.767213 -0.474245  1.074343  1.017328  3.431464  0.537836
@      0.820795  0.669605 -0.822402  1.092466 -0.679592 -0.499935  0.971959  1.071082  3.417196  0.446892
H      0.203053  0.858795  0.761117  0.441532  0.432619  0.340606  0.782673  0.352587 -1.934824 -0.030204

Example 29:
              0         1         2         3         4         5         6         7         8         9
[CLS] -1.421474 -0.401666 -0.095110 -0.275685 -0.156413 -0.256618  0.908091  1.066425 -1.055719  0.808680
CC1    0.092831  1.103018  0.011840 -0.239397 -0.800549  1.828499 -1.294128  0.714855  2.082090  0.155994
=      0.560424 -0.007977  0.446868 -1.416407  0.160000 -0.833662  0.495779 -0.133995 -0.359528  1.920295
CC     0.614814  0.269184  1.126207 -0.146203  0.877717 -0.919366 -1.363567  0.442965  0.711574  1.267238
[      0.852669  0.460150 -0.053850  0.884007  0.222146 -1.546436  0.988863 -1.139157  2.081417 -0.108604
C      0.170905 -1.094675  0.259305 -1.085358 -0.936354  0.232505  0.456273 -0.170482  0.378830 -0.566637
@      0.768651  0.787297 -0.909004  1.041055 -0.584811 -0.394996  1.052367  1.126168  3.451857  0.413218
H     -0.169093  1.066423  0.796000  0.737071  0.269484  0.051685  0.782522  0.180634 -1.987454 -0.127396
]      0.671340  0.009420 -0.727365 -0.041482  1.426598 -0.033510 -1.651912 -0.424978  0.270869 -1.003292
2     -1.107274  0.864143  0.889574 -1.274245 -0.835222 -0.031679 -0.569972  0.308380  2.970578 -0.888458

Example 30:
              0         1         2         3         4         5         6         7         8         9
[CLS] -1.695617  0.190932 -0.177463 -0.478694 -0.786771 -0.309553  1.388206  1.617291 -0.937729  0.711015
CC1   -0.180768  1.273700  0.581875  0.367220 -0.420679  1.641381 -1.232299  1.289239  1.435787  0.433600
=      0.708899 -0.138368  0.551706 -1.170689  0.504166 -0.951456  0.507734  0.616822 -0.527624  2.030083
CC     0.643808  0.401958  1.072847  0.171068  1.202221 -1.242514 -1.681835  0.424761  1.055676  1.220783
[      0.930431  0.511172 -0.138952  0.816908  0.192939 -1.797902  0.966014 -0.901663  1.731563 -0.048250
C      0.173222 -0.627183  0.129724 -1.004007 -1.083676  0.290345  0.164026  0.171260  0.117607 -0.571061
@      0.813289  0.831991 -0.738428  0.874464 -0.653173 -0.655304  0.811008  1.188154  3.630273  0.621994
H     -0.296597  1.339265  0.509296  1.398333  0.429612  0.938874  0.138492  0.358058 -1.728114 -0.102161
]      0.502259 -0.228546 -0.555622 -0.394103  1.544180  0.048650 -1.713696 -0.185164  0.233980 -1.260707
(      0.452226  0.925182  0.673192 -0.300734 -0.487727 -1.056340 -1.738279 -1.182045 -0.283303  0.226435

Example 31:
              0         1         2         3         4         5         6         7         8         9
[CLS] -1.691499 -0.075346  0.086910 -0.369066  0.005928  0.035777  0.771837  2.191470 -1.272629  0.239025
C      0.159258 -1.088475  0.041265 -1.095311 -0.792220  0.093015  0.279106 -0.010609  0.258756 -0.509855
/     -0.737853  0.671251  1.160986 -0.219167  0.634117 -1.552213  1.390767  0.622060 -1.217793  0.400712
C      0.238165 -1.046916  0.092741 -1.062968 -0.880477  0.135408  0.396132 -0.113159  0.149758 -0.467202
/     -0.289493  0.179108  0.881586  0.121961  2.099615 -1.208510  1.166032  1.884083 -1.598483 -0.648542
1     -0.293658 -0.001144 -0.758784 -1.162120 -0.052752  1.107972  0.695552  1.441173 -0.579072 -0.280848
=      1.085669 -0.235214  0.682188 -1.289535 -0.107190 -0.705625  0.919473  0.758322 -0.053374  1.131692
C      0.424965 -1.010092  0.055149 -1.143214 -0.880748  0.104260  0.383863 -0.161150  0.067391 -0.382724
\      0.094081 -0.589352  1.043198  0.413803 -0.825152  0.510630 -0.517345  0.219952  2.429836  0.596161
CCC   -0.058353 -0.937189  0.672735  0.535808 -0.267383 -0.205789  0.504261  1.346407  1.634843  1.286527

Example 32:
              0         1         2         3         4         5         6         7         8         9
[CLS] -1.562035  0.023166 -0.119670 -0.555120 -0.289362 -0.037178  1.108481  1.874364 -0.922806  0.247534
C      0.270411 -1.069214 -0.071370 -1.012173 -0.738689  0.214515  0.286129 -0.069189  0.368235 -0.510126
/     -1.075254  1.266888  0.932257 -0.320108  0.201447 -1.352861  1.506251  0.576585 -0.722450  1.180274
C      0.367706 -1.030782 -0.025937 -0.940119 -0.780372  0.237306  0.368251 -0.175549  0.313502 -0.480669
/     -0.652319  0.160143  1.047760 -0.193863  2.040356 -1.322259  1.239789  1.799279 -1.435785 -0.456375
1     -0.638795  0.433051 -1.002616 -0.861152  0.576524  1.468278  0.758510  1.374440 -0.275842 -0.447223
=      1.046633  0.049035  0.733471 -1.484703 -0.275467 -0.762190  1.151044  0.934318  0.192185  1.055226
C      0.502899 -0.979513 -0.074349 -1.006094 -0.750567  0.219949  0.376378 -0.244557  0.242354 -0.428207
\     -0.195480 -0.557219  1.351459 -0.004491 -0.529936  0.697883 -0.613530  0.560965  2.374042  0.291476
CC     0.736233  0.217785  0.414622  0.955511  1.590726 -0.308936 -1.306499  0.150386  0.632388  1.361709

Example 33:
              0         1         2         3         4         5         6         7         8         9
[CLS] -1.522257  0.333233 -0.103224 -0.462202 -0.799445 -0.330568  1.450376  1.693261 -0.759550  0.721746
CC1    0.103207  1.209061  0.451944  0.329539 -0.390451  1.830640 -1.345543  1.282130  1.617155  0.225723
=      0.598845 -0.109080  0.537779 -1.078307  0.284774 -0.864085  0.317981  0.520148 -0.269755  1.739419
CC     0.705384  0.643824  1.023071  0.263587  0.905825 -0.940174 -1.865959  0.517658  0.853841  1.596780
=      0.672969  0.160921  0.242263 -1.165837  0.668870 -0.823278  0.510488  0.580618 -0.414080  1.510824
C      0.167034 -0.687249  0.219507 -1.011884 -1.108969  0.263733 -0.135427  0.131376  0.085414 -0.336410
(      0.386016  0.917706  0.610306 -0.275782 -0.440481 -1.034877 -1.735402 -1.229578 -0.235164  0.285889
CC1    1.192235  1.081214  0.018855 -0.614584 -0.262135  0.318922  0.026585  1.854377  0.754046  0.503755
)      0.346707  0.150541 -0.091354 -1.073729 -0.526609  0.043116  0.050856 -1.001888 -0.241596  0.287718
[      0.789168  0.456942 -0.047400  0.945336  0.282833 -1.723423  0.784153 -0.799300  1.784096 -0.118012

Example 34:
              0         1         2         3         4         5         6         7         8         9
[CLS] -1.432900  0.539022 -0.264599 -0.601956 -0.833909 -0.222437  1.509605  1.761949 -0.794629  0.619242
CC1   -0.147321  1.257229  0.377099  0.237337 -0.161144  1.788844 -1.096072  1.252989  1.242801  0.259720
=      0.553123 -0.008582  0.540295 -1.247073  0.460976 -0.861643  0.574991  0.409768 -0.446890  1.552469
CC     0.445643  0.690891  0.610054  0.353898  0.801095 -0.881079 -1.473541  0.787316  0.647959  1.764894
=      0.693213  0.205911  0.468768 -1.375207  0.795654 -0.883616  0.784506  0.502803 -0.581500  1.284465
C     -0.009217 -0.763964  0.143685 -1.085997 -1.078013  0.324698  0.029452  0.066911  0.002025 -0.498236
(      0.394961  0.998865  0.693590 -0.377263 -0.516997 -1.097204 -1.747188 -1.060198 -0.276430  0.099863
C     -0.069698 -1.015594  0.043464 -0.875006 -0.875464  0.367430 -0.079383 -0.028486 -0.056987 -0.433749
=      0.692814  0.106665 -0.045471 -1.252899  0.479599 -0.375959  0.825424  0.286879 -0.233399  1.180390
C1     1.100622  0.580383 -1.025737  0.184508 -0.781488 -0.500353  0.642478  0.578418  0.989974  0.325645

Example 35:
               0         1         2         3         4         5         6         7         8         9
[CLS]  -1.070434  0.572539 -0.583100 -0.440440 -0.679460  0.233576  1.349392  1.383447 -0.352774  0.798294
CC      0.809812  0.554214  0.373022  0.457592  1.972614  0.683313 -0.722005  0.146316  0.589954  0.652949
(      -0.020271  1.750270  0.269975 -0.601872 -0.555669 -0.549607 -1.594995 -1.239318  0.881966  0.267413
=       1.350631  0.140322  0.280668 -1.804491  1.366594  0.268841  1.142848  0.220317 -0.041118  1.014783
C1CCC2 -1.106988  0.487544 -1.582654  1.649277 -2.912374  0.219700  0.481018  1.440651 -1.345465 -0.548743
(      -0.049685  1.717822  0.299967 -0.653433 -0.562631 -0.552751 -1.616489 -1.238335  0.886564  0.266703
CCCC   -1.252882  0.549716 -0.907670 -0.336965  0.187408  1.415912  0.848531  1.026985 -0.304402  1.572207
(      -0.023034  1.776804  0.267687 -0.596917 -0.563832 -0.549662 -1.597290 -1.220178  0.898743  0.282606
=       1.037235 -0.285151  1.169371 -1.543927  0.461787 -0.851597  0.657420  0.297745 -0.044472  1.391926
C      -0.027285 -0.874097 -0.279095 -1.530249 -0.760326  0.315046  0.339321 -0.233172  0.202930 -0.443962

Example 36:
              0         1         2         3         4         5         6         7         8         9
[CLS] -1.386821 -0.134602 -0.151054 -0.408693 -0.476453 -0.351366  0.937936  1.428490 -0.806141  0.850675
CC1    0.281674  1.123642  0.102534  0.326193 -0.427798  1.901034 -1.610162  0.986221  1.850286  0.115104
=      0.458033 -0.307525  0.496844 -0.980154  0.410676 -0.851015  0.505935  0.156363 -0.438485  1.804726
CCC    0.499948 -0.211831  0.950799 -0.355410  0.266630 -1.006028 -0.000530  1.262302  1.915081  1.229521
[      0.880178  0.472757 -0.088907  0.899283  0.357128 -1.716843  0.883566 -1.058988  1.844000 -0.077092
C      0.221778 -1.030550  0.049066 -1.191475 -0.974509  0.382070  0.295355 -0.104067  0.280202 -0.683040
@      0.635104  0.586061 -0.532190  0.955871  0.040695 -0.526953  1.069152  0.807124  3.518770  0.572842
]      0.764068 -0.081185 -0.735101 -0.118301  1.590306  0.032940 -1.650636 -0.264803  0.083643 -1.069628
2     -0.696761  1.252672  0.700890 -1.390836 -0.216459 -0.304994 -0.550053  1.016215  2.008294 -0.705987
(      0.421270  0.999381  0.507124 -0.443682 -0.503412 -1.039983 -1.642973 -0.982847 -0.048811  0.365128

Example 37:
              0         1         2         3         4         5         6         7         8         9
[CLS] -1.372736  0.068962 -0.278955 -0.423747 -0.490612 -0.072601  0.953321  0.971238 -0.646901  0.845156
CC     1.167814  0.891202  0.908481  0.813935  2.006567  0.906930 -1.563769 -0.100972  0.612253  0.363050
(      0.048342  1.445909  0.519062 -0.547132 -0.635425 -0.838339 -1.594587 -1.295557  0.647528  0.530097
=      1.002760 -0.671603  0.902097 -1.337762 -0.320873 -0.954675  0.723755  0.186230 -0.019865  1.501233
C      0.322829 -0.735016  0.198409 -1.189804 -1.645529  0.371341  0.583592 -1.221666 -0.602771 -0.491867
)      0.445419  0.214981  0.139221 -1.077361 -0.524770  0.185087 -0.058120 -1.153187 -0.135891  0.524825
[      0.792623  0.278347 -0.026834  0.917691  0.368466 -1.347266  0.659719 -1.191728  2.086489 -0.131236
C      0.172455 -1.226255  0.115920 -1.166560 -0.827781  0.268555  0.483053 -0.367488  0.261635 -0.585436
@      0.664815  0.467484 -0.806621  1.015385 -0.616318 -0.502595  1.150346  1.010584  3.508766  0.649264
@      0.722519  0.486768 -0.858598  1.016588 -0.542014 -0.491433  1.061587  1.030103  3.483224  0.543005

Example 38:
              0         1         2         3         4         5         6         7         8         9
[CLS] -1.499345  0.086284 -0.316183 -0.387847 -0.576721 -0.179197  0.976773  1.454638 -0.745042  0.925430
C      0.092478 -1.193267  0.435273 -1.186329 -0.951934  0.324175  0.376367 -0.275574  0.675843 -0.231701
[      0.912119  0.563852 -0.216542  0.875142  0.247126 -1.507144  0.861734 -1.131866  1.927655 -0.028873
C      0.148776 -1.054909  0.393362 -1.221532 -0.978289  0.270257  0.538660 -0.330147  0.598442 -0.402473
@      0.762825  0.686123 -0.844401  1.185602 -0.708653 -0.574584  1.029598  1.479975  3.374234  0.561588
H      0.270435  1.092406  0.767135  0.761177  0.388788  0.714679  0.604959  0.672235 -1.994191 -0.045562
]      0.858481 -0.142155 -0.719302 -0.178489  1.544757  0.087091 -1.721974 -0.197159  0.188283 -1.177595
1CCC  -0.288052 -0.361208  1.641911 -0.553837 -0.087964 -2.102291 -0.365755  0.683040  1.358006  1.137518
=      0.518656 -0.181288 -0.128343 -1.153985  0.592836 -0.437007  0.946231  0.598962 -0.660410  1.383620
C2    -0.359596  0.577599  1.052616 -1.165491 -0.777015  0.137962 -1.373071  0.451366  1.451289  0.921710

Example 39:
              0         1         2         3         4         5         6         7         8         9
[CLS] -1.348880 -0.122548 -0.216496 -0.286518 -0.479012 -0.160813  0.991327  1.322040 -0.995760  1.102466
CC1    0.065151  0.638697  0.395952  0.024317 -0.674174  1.446414 -1.713594  0.892380  2.030181  0.633046
=      0.414367 -0.275834  0.331263 -1.205067  0.150068 -0.922046  0.333401  0.180889 -0.244884  2.031238
CC     0.742315 -0.478877  1.072439 -0.163269  1.478498 -1.105571 -1.606154  0.247491  0.935411  1.249175
[      0.862364  0.378811 -0.135490  0.883748  0.286002 -1.629608  0.974999 -1.065242  1.953404 -0.006425
C      0.105665 -1.181140  0.208138 -1.180908 -0.797410  0.296831  0.587196 -0.065392  0.398777 -0.615576
@      0.875860  0.678869 -0.918880  0.961156 -0.568270 -0.425809  1.142747  1.202722  3.565008  0.612768
@      0.948502  0.726765 -0.989476  0.969797 -0.494796 -0.389906  1.068244  1.202754  3.525851  0.475821
H      0.006278  0.890311  0.751675  0.610090  0.647571  0.331380  0.427179  0.821808 -1.864000 -0.086850
]      0.565139 -0.170358 -0.718054 -0.217921  1.586619  0.086780 -1.686002 -0.314118  0.303433 -0.874291

Example 40:
              0         1         2         3         4         5         6         7         8         9
[CLS] -1.100334 -0.757415 -0.341317  0.067724 -0.365952  0.160028  0.768713  0.785314 -0.912572  1.105115
C      0.194335 -1.196842  0.335718 -1.047336 -0.819175  0.200380  0.370303 -0.282553  0.569417 -0.428483
[      0.910177  0.530423 -0.092881  0.904690  0.275112 -1.453573  0.807797 -1.155326  2.028292  0.060160
C      0.261961 -1.124200  0.274932 -1.076289 -0.885055  0.197764  0.511046 -0.305209  0.429749 -0.580557
@      0.660001  0.633314 -0.783357  0.960174 -0.700603 -0.435066  1.113622  1.155634  3.382635  0.637614
@      0.762284  0.667903 -0.816902  1.001636 -0.565560 -0.415322  0.991740  1.106476  3.329154  0.514668
H      0.173995  0.975874  1.041929  0.525086  0.200765  0.233490  0.668766  0.520289 -2.116451  0.086164
]      0.762282 -0.032234 -0.773712 -0.002432  1.494649  0.015341 -1.642698 -0.374424  0.211998 -1.016454
1CC    0.135596  0.172864  2.461873 -0.588084 -0.162432 -2.601917 -1.250231  0.556146  1.038461  0.940202
[      0.920948  0.493015 -0.114836  0.918648  0.222678 -1.470653  0.842564 -1.136485  2.050456  0.020530

Example 41:
              0         1         2         3         4         5         6         7         8         9
[CLS] -1.505630  0.028987 -0.281184 -0.417768 -0.481431 -0.163152  0.986757  1.311403 -0.899052  0.930638
CC1    0.076961  0.948677  0.407066 -0.012812 -0.581341  1.480575 -1.650533  1.008517  1.875694  0.387408
=      0.680683  0.009914  0.381891 -1.191532  0.472930 -1.011154  0.590197  0.484313 -0.316043  1.718516
C      0.194739 -0.999078  0.428298 -1.163445 -0.673169  0.278516 -0.056204 -0.353783  0.555297 -0.257466
[      0.900535  0.467416 -0.123960  0.936004  0.247437 -1.658149  0.865432 -1.068712  1.932465  0.042678
C      0.099036 -1.015738  0.231961 -1.095233 -0.879429  0.213927  0.378412 -0.073544  0.377530 -0.575968
@      0.770348  0.779870 -0.820506  0.998019 -0.683545 -0.442270  1.081313  1.249671  3.544338  0.600435
@      0.820544  0.799339 -0.874406  1.002094 -0.584332 -0.408262  1.024311  1.245573  3.497622  0.478917
H     -0.073470  0.990198  0.565205  0.508576  0.657184  0.557411  0.296737  1.121181 -1.981424 -0.219096
]      0.534606 -0.031643 -0.657894 -0.133170  1.555781  0.099291 -1.745376 -0.389067  0.272611 -0.947279

Example 42:
              0         1         2         3         4         5         6         7         8         9
[CLS] -1.108864  0.354511 -0.483195 -0.343133 -0.741301 -0.045170  1.041655  1.506653 -0.587598  0.946851
CC1    0.221423  0.819328  0.136147  0.121993 -0.619508  1.670418 -1.623911  1.525810  2.046557  0.329803
=      0.797498  0.082847  0.446818 -1.106861  0.646464 -0.961675  0.333934  0.820461 -0.568345  1.512424
C      0.152330 -1.098968  0.432659 -1.491056 -1.010946  0.138134 -0.217992 -0.229078  0.456666 -0.317797
[      1.009172  0.483660 -0.257875  0.828194  0.161987 -1.707060  0.838746 -1.054290  1.629312  0.011248
C      0.088206 -1.022888  0.181930 -1.371558 -1.089939  0.190119  0.080293  0.022794  0.373068 -0.682885
@      0.802922  0.801411 -0.755380  1.052379 -0.789296 -0.481030  0.865516  1.582145  3.428348  0.455604
H     -0.096908  1.196038  0.259124  0.853893  0.633219  0.839477  0.436939  1.318211 -2.203744 -0.415228
]      0.739759 -0.020726 -0.660109 -0.213483  1.651808  0.106448 -1.935717 -0.099701 -0.081381 -1.232652
2C    -1.111998 -0.186909  0.193218 -0.377125 -0.610307 -1.040486 -1.156332  1.281738  2.052977  0.415488

Example 43:
              0         1         2         3         4         5         6         7         8         9
[CLS] -1.185419  0.188016 -0.253117 -0.121537 -0.620967 -0.013556  1.029318  1.226804 -0.463663  1.019731
CC1    0.071679  1.321836 -0.178369  0.135851 -0.652260  1.238219 -1.361298  1.494764  1.355266 -0.172354
=      0.646648  0.052867  0.249250 -1.123117  0.712822 -0.970090  0.639965  0.620107 -0.368443  1.708822
C      0.429363 -0.861587  0.300017 -1.315331 -0.644233  0.298405 -0.090813 -0.366867  0.537653 -0.131805
[      1.007860  0.536967 -0.109086  0.970951  0.292282 -1.583183  0.651361 -1.075090  1.753387  0.049748
C      0.239881 -0.899554  0.113903 -1.209645 -0.922030  0.260691  0.338665 -0.011036  0.329823 -0.519233
@      0.831238  0.742132 -0.847160  1.109317 -0.608653 -0.442283  0.974379  1.265803  3.502473  0.460506
H      0.042636  1.135601  0.069802  1.032736  0.411698  0.253789  0.322972  0.619408 -1.927797 -0.361469
]      0.714191 -0.123642 -0.656886 -0.091306  1.540398  0.167640 -1.837020 -0.386772  0.054185 -1.221627
2     -0.796593  1.417696  0.094197 -1.136364  0.592171 -0.619938 -0.433045  1.428864  0.866216 -0.513107

Example 44:
              0         1         2         3         4         5         6         7         8         9
[CLS] -1.430550  0.419547 -0.100521 -0.288523 -0.684505 -0.228417  1.367262  1.222572 -0.870091  0.884579
C      0.186878 -1.164372  0.446955 -1.076559 -0.835367  0.394865  0.264400 -0.065909  0.470324 -0.595983
[      0.809025  0.540164 -0.118661  0.911639  0.256983 -1.693101  0.816491 -0.997021  1.855799 -0.076474
C      0.334462 -1.012449  0.367785 -1.126808 -0.986491  0.339561  0.442365 -0.087491  0.368662 -0.724425
@      0.741945  0.716682 -0.767507  0.997792 -0.679852 -0.775442  1.003083  1.353331  3.434717  0.612493
@      0.735273  0.716842 -0.788413  1.033128 -0.476521 -0.758579  0.865633  1.303886  3.458650  0.535430
H     -0.277434  1.429967  0.564153  1.181645  0.549584  0.772269  0.100192  0.628121 -2.071634 -0.168015
]      0.798142 -0.138520 -0.945828 -0.014150  1.566377 -0.077677 -1.793104 -0.194634  0.245160 -1.246433
(      0.534865  1.067855  0.616184 -0.209907 -0.498167 -1.284627 -1.742411 -1.164473 -0.293497  0.122507
CCC    0.523179 -1.182267  1.461728  0.310209 -0.239225 -0.648428  0.284300  0.870199  1.946593  1.226657

Example 45:
              0         1         2         3         4         5         6         7         8         9
[CLS] -1.133042 -0.480712 -0.384087  0.206119 -0.158823  0.340705  1.066100  0.964794 -0.582597  1.070910
C     -0.018565 -1.201262  0.459941 -1.358673 -0.922596  0.311181  0.481982 -0.192798  0.488715 -0.353960
[      0.970314  0.574933 -0.224981  0.811923  0.174951 -1.463994  0.803108 -1.108306  2.090815  0.166940
C      0.049279 -1.140299  0.389139 -1.385642 -0.952728  0.288342  0.582250 -0.232662  0.364142 -0.510972
@      0.705635  0.610439 -0.753774  0.970183 -0.779962 -0.489273  1.083246  1.281390  3.327823  0.820615
@      0.772468  0.629707 -0.784950  0.987425 -0.659702 -0.494590  0.983470  1.280033  3.285749  0.699533
H      0.147800  0.592462  1.126591  0.229788  0.582642  0.751519  0.883506  0.502972 -2.230723 -0.295913
]      0.857570 -0.149378 -0.815991 -0.028571  1.660488  0.273416 -1.789677 -0.339146  0.277726 -1.004006
1CC   -0.650603  0.643202  1.847748 -0.943131  0.269337 -1.973861  0.480282  0.708764  1.355608  0.518401
[      1.005764  0.521895 -0.259533  0.815817  0.114108 -1.483491  0.850305 -1.072515  2.125464  0.127343

Example 46:
                 0         1         2         3         4         5         6         7         8         9
[CLS]    -0.607812  0.179159 -0.658295 -0.013744 -0.565816  0.041384  1.468817  0.969540 -0.784764  0.959292
CC1CCC2C  0.597341  1.282593 -1.248535  0.655150 -0.413795 -0.360894 -0.216611  2.115871  0.362831  0.086020
##1C3    -0.836934  0.183263  0.521994 -0.829899 -0.913802 -1.105398  1.101872  0.214557 -0.105884  0.088825
##C      -0.737049 -0.633006 -0.333199 -1.386427  0.437859 -0.440169 -0.636673 -0.204300  1.599048 -0.417756
(         0.516185  1.459360  0.670961 -0.392523 -0.881312 -1.193741 -1.435128 -0.353890  0.417789  0.774888
C3       -0.258945  1.045151  0.114463  0.070354  0.301029  0.607859 -0.626769 -0.148629  0.945603  1.925279
(         0.514080  1.488174  0.679219 -0.375027 -0.881821 -1.179463 -1.435119 -0.322475  0.438182  0.796620
C         0.054591 -0.941949  0.052695 -1.295498 -1.019304  0.073680  0.697741  0.156750  0.487002 -0.722661
)         0.480866  0.431717 -0.141856 -1.194955 -0.757080 -0.151006  0.057304 -0.596283 -0.428028  0.608978
C         0.058288 -0.904596  0.112173 -1.207498 -0.907604 -0.007217  0.552298  0.075906  0.541116 -0.620547

Example 47:
              0         1         2         3         4         5         6         7         8         9
[CLS] -1.496618  0.074587 -0.337707 -0.340600 -0.561968 -0.200139  0.951437  1.452210 -0.732855  0.962460
C      0.114186 -1.223321  0.430331 -1.179418 -0.939655  0.349057  0.344221 -0.290261  0.646708 -0.232448
[      0.921902  0.559788 -0.182609  0.838853  0.268616 -1.491868  0.855071 -1.138965  1.914460 -0.008841
C      0.206076 -1.104437  0.369077 -1.230875 -0.967129  0.317694  0.503425 -0.342504  0.565539 -0.412437
@      0.713402  0.660205 -0.868223  1.114988 -0.828361 -0.556924  1.137811  1.429800  3.375673  0.609692
@      0.776497  0.683767 -0.907757  1.156997 -0.686383 -0.539304  1.016901  1.437827  3.327665  0.540408
H      0.286175  1.002767  0.954497  0.737120  0.381824  0.608548  0.604457  0.729438 -2.028115  0.063250
]      0.855804 -0.137511 -0.753172 -0.124394  1.531225  0.109691 -1.755577 -0.239689  0.187919 -1.157201
1CCC  -0.262725 -0.326241  1.707780 -0.553116 -0.178198 -2.086774 -0.382894  0.828350  1.486802  1.197466
=      0.535399 -0.157871 -0.055238 -1.136710  0.501497 -0.558773  0.885120  0.424815 -0.639198  1.485558

Example 48:
              0         1         2         3         4         5         6         7         8         9
[CLS] -1.482939 -0.004657 -0.037990 -0.270750 -0.533657  0.018410  1.055963  1.159391 -0.738267  0.842559
CC     1.391125  0.697586  0.982344  0.800019  1.801868  0.864260 -1.439128 -0.109755  0.358041  0.640755
(      0.414783  1.506286  0.453137 -0.486369 -0.642148 -0.966556 -1.541804 -1.360313  0.646698  0.653538
=      1.141112 -0.577341  0.946754 -1.396246 -0.529102 -0.905901  0.620072  0.307953  0.089672  1.441563
C      0.519737 -0.661979  0.164249 -1.170336 -1.544214  0.190806  0.810990 -0.881810 -0.349882 -0.151023
)      0.531587  0.216811  0.029932 -1.073354 -0.663169  0.146325 -0.000061 -0.947998 -0.117580  0.552755
[      1.018063  0.251667  0.001437  0.859615  0.221798 -1.363714  0.747758 -1.052525  1.969502 -0.058222
C      0.349306 -0.957222  0.237965 -1.175991 -0.754907  0.310864  0.451504 -0.136410  0.393122 -0.462627
@      0.889261  0.736206 -0.644459  0.987201 -0.901683 -0.430498  1.012801  1.075816  3.677670  0.722124
@      0.944595  0.793010 -0.721546  1.008206 -0.877290 -0.440647  0.933494  1.106036  3.617873  0.624629

Example 49:
               0         1         2         3         4         5         6         7         8         9
[CLS]  -1.425597  0.315847 -0.418120 -0.248632 -0.455098 -0.090439  1.142753  2.027554 -0.872743  0.254604
CC1CCC  0.120830 -0.710764 -1.229746 -0.057914 -1.123057 -1.498518 -0.129270  1.463590 -0.901217 -0.324941
=       0.513459 -0.075890 -0.020551 -1.323920  0.771937 -0.692151  1.164752  0.804525 -0.778960  1.361125
C2C1   -0.497232  0.157195 -1.107099  0.423385 -0.442866  0.615803 -0.531851  1.451886 -1.523115  0.974535
(      -0.103460  1.213612  0.392765 -0.216389 -0.282867 -1.197101 -1.446706 -0.943362 -0.126999  0.010035
C       0.217353 -1.029520 -0.196413 -1.304836 -0.749333  0.359125  0.422600 -0.000543  0.278626 -0.381680
/       0.433473 -0.000338  0.041510 -0.581700  1.399954 -0.221525  0.425452  0.612500 -2.386959 -1.031034
C       0.398994 -0.911520 -0.355892 -1.383744 -0.818876  0.431393  0.485891  0.023539  0.146171 -0.585248
(      -0.070358  1.207565  0.370893 -0.164799 -0.289511 -1.166610 -1.437126 -0.937107 -0.129147 -0.000840
=       1.293518 -0.279057  0.493212 -1.567668  0.310514 -0.430016  1.656461  0.464477 -0.510255  0.234634

Example 50:
               0         1         2         3         4         5         6         7         8         9
[CLS]  -0.591317  0.372941 -0.761344 -0.018761 -0.167448 -0.125723  0.841247  1.201772 -0.257620  1.175406
CC1    -0.023121  1.400828 -0.855458 -0.473995 -0.156507  1.223802 -1.350095  1.416008  1.657299 -0.331096
=       1.007110  0.412820  0.252979 -1.387469  0.605474 -0.824084  0.585874  0.929741 -0.293201  1.000727
CCC2C1 -0.137336  0.849069 -1.525682  1.225696 -1.082672 -0.739054  0.719656  2.554446 -0.958469  0.405940
##C3    0.503824  0.504021 -0.140434  0.770578 -0.539923 -2.182216  1.034235  2.011487  0.095288  1.529133
##C2   -0.414828  0.194188 -0.450268 -0.231797 -0.289318 -0.648223 -0.384404  1.030751  0.977457  0.551945
(       0.448341  1.757831  0.548064 -0.883704 -0.462090 -0.944066 -1.890412 -1.048766  0.578153  0.690519
CCC3C  -1.236835 -0.305149 -0.370110 -0.184177  0.494979  0.223143  0.141554  0.952643 -0.196687  0.542019
(       0.495291  1.944714  0.491135 -0.626995 -0.423535 -0.842117 -1.849267 -0.819147  0.812093  0.861281
C       0.010504 -0.537822 -0.095906 -1.605878 -0.598026  0.282802  0.245586  0.160761  0.323215 -0.597288

Example 51:
              0         1         2         3         4         5         6         7         8         9
[CLS] -1.306711 -0.210813 -0.227545 -0.304293 -0.443775 -0.038741  0.959431  0.699888 -0.712702  0.960694
C      0.061327 -1.162074  0.401665 -1.194790 -0.613361  0.231609  0.479016 -0.209342  0.596189 -0.479980
[      0.910991  0.594234 -0.103211  0.882157  0.311002 -1.513099  0.859013 -1.050964  2.031964  0.180235
C      0.158490 -1.066053  0.297829 -1.206315 -0.714165  0.182945  0.638184 -0.226690  0.433388 -0.574196
@      0.797392  0.683624 -0.693119  0.876408 -0.594618 -0.531352  0.925476  1.022219  3.352001  0.812763
@      0.838388  0.224563  0.061563  0.768448  0.222566 -0.335861  1.086530  0.008683  3.446732  1.265275
]      0.800336  0.041044 -0.852826  0.093073  1.692259  0.118565 -1.673628 -0.475406  0.015210 -0.781143
12CC  -0.385737  1.089607  0.132094 -2.629067 -0.576207 -0.058748  0.426163 -0.057022  1.401367  0.840359
[      0.932468  0.558383 -0.118466  0.828606  0.258545 -1.518336  0.908388 -1.042221  2.040900  0.162329
C      0.217908 -1.072273  0.253965 -1.208065 -0.748490  0.218712  0.637668 -0.200254  0.433065 -0.559996

Example 52:
              0         1         2         3         4         5         6         7         8         9
[CLS] -1.508734 -0.106021 -0.304679 -0.313775 -0.671007 -0.107423  0.931675  1.437554 -0.914534  0.826179
C      0.014379 -1.253020  0.444916 -1.158632 -0.870018  0.314837  0.401044 -0.291138  0.661003 -0.319715
[      0.960477  0.538742 -0.135099  0.795461  0.219157 -1.536235  0.898246 -1.135682  1.916320 -0.045756
C      0.100693 -1.126159  0.367355 -1.210403 -0.961250  0.309757  0.555471 -0.314068  0.553044 -0.480629
@      0.786583  0.649778 -0.804869  1.154889 -0.759063 -0.578084  1.157703  1.309296  3.345227  0.637875
@      0.856124  0.682202 -0.846412  1.186811 -0.627658 -0.564171  1.024968  1.292905  3.295428  0.563033
H      0.087853  0.970167  0.959783  0.850292  0.329507  0.473684  0.763589  0.685367 -2.070884  0.090998
]      0.892959 -0.217357 -0.728162 -0.102989  1.532810  0.102150 -1.692748 -0.335787  0.176157 -1.118627
1CC   -0.066344  0.024662  2.236281  0.006068  0.069171 -1.865370 -1.065745  0.050956  1.506396  0.980430
(      0.473335  1.457097  0.628323 -0.536610 -0.681579 -1.123360 -1.566825 -1.089800  0.549173  0.584262

Example 53:
              0         1         2         3         4         5         6         7         8         9
[CLS] -0.906101 -0.481476  0.131370 -0.071069 -0.134813 -0.381265  0.923505  0.958224 -0.830119  1.108977
[UNK]  1.325177  0.306424  0.104073 -0.763155  0.682336 -1.050650 -0.609523  0.934227 -0.202307  0.448179
C     -0.040831 -1.035014  0.128895 -1.237098 -0.842875  0.310782  0.134856 -0.019996  0.341158 -0.634559
[      0.888348  0.488257 -0.508695  0.974978  0.050651 -1.450372  0.671565 -0.952779  2.086788 -0.130294
C      0.034189 -1.068288  0.067982 -1.290330 -0.924205  0.297392  0.240241 -0.041553  0.372260 -0.834563
@      0.806552  0.625112 -0.896906  1.040495 -0.506208 -0.331869  0.966647  1.342588  3.417644  0.460978
H      0.043130  0.796622  0.285658  0.492267  0.680036  0.634948  0.280828  0.569186 -1.857224 -0.575987
]      0.973104 -0.366813 -0.856131 -0.060644  1.862885  0.014551 -1.951119 -0.066560  0.328790 -1.091875
1CC   -1.307004  1.295185  1.114988 -1.066020  1.057027 -2.649444 -0.947033  1.209749  0.441363  0.416214
[      0.860320  0.494833 -0.473691  0.859571  0.087080 -1.475783  0.696261 -0.972545  2.063002 -0.111561

Example 54:
                 0         1         2         3         4         5         6         7         8         9
[CLS]    -1.093578  0.398224 -0.599056 -0.412605 -0.980463  0.174480  1.436947  1.746295 -0.642510  0.803500
CC1CCCC2 -0.682811  0.271707 -0.079508 -0.070165  0.348619  0.979307  0.284736  2.039530  0.186244 -0.172474
(         0.315358  1.408326  0.362925 -0.375395 -0.816649 -1.075463 -1.254959 -0.913028  0.226980  0.385807
C1        0.831096  1.360333 -0.507882 -0.541092 -0.986629  1.466402  0.032559  0.529027 -0.172978  1.218332
=         0.710228 -0.255591  0.497075 -1.802619  0.766235 -0.570998  0.539064  0.271415 -0.894831  1.232393
CC       -0.050441 -0.287377  0.278679  0.879979  0.326208  0.016415 -0.957017  0.778401  0.020005  2.224366
(         0.332511  1.453339  0.377839 -0.362386 -0.827785 -1.046099 -1.263199 -0.880638  0.272106  0.425532
CC2      -1.318751  1.533402  0.779921 -1.161642  1.247740  1.548615 -0.658966  1.137177  0.888872  0.299192
)         0.390659  0.431574 -0.011475 -1.293101 -0.813226  0.276406  0.062466 -0.394108 -0.352727  0.494252
C         0.318610 -0.762574 -0.084654 -0.999878 -0.557771  0.520988  0.294571 -0.063154  0.489097 -0.209264

Example 55:
              0         1         2         3         4         5         6         7         8         9
[CLS] -1.147328 -0.332087 -0.345836 -0.024982 -0.417833  0.337934  0.842151  1.320166 -0.600558  0.944418
C      0.113791 -1.143935  0.330584 -1.210181 -0.904208  0.390010  0.307735 -0.150398  0.419339 -0.333308
[      0.914000  0.558886 -0.094875  0.827168  0.323113 -1.515615  0.697113 -1.144825  1.939215  0.059891
C      0.179816 -1.073846  0.257052 -1.221443 -0.946851  0.352602  0.456596 -0.164557  0.284293 -0.495493
@      0.743817  0.572465 -0.843927  0.997880 -0.755119 -0.451022  1.095742  1.286183  3.426543  0.654537
@      0.792924  0.591023 -0.862895  1.046200 -0.623362 -0.432686  0.942574  1.271331  3.380441  0.546613
H      0.317033  1.101261  0.876787  0.685177  0.379164  0.578413  0.559034  0.542659 -1.931691  0.053900
]      0.867460 -0.216401 -0.722373 -0.049787  1.625438  0.128759 -1.852016 -0.411014  0.200055 -1.137873
1CC   -0.419473  0.366273  1.881377 -0.670151  0.234381 -2.051831 -0.368042  0.784089  1.533429  1.018735
[      0.960612  0.503730 -0.124324  0.835150  0.256101 -1.531215  0.726569 -1.115387  1.979511  0.024732

Example 56:
              0         1         2         3         4         5         6         7         8         9
[CLS] -1.504912  0.104015 -0.179256 -0.410358 -0.136693  0.115268  0.895316  1.833855 -0.588608  0.290243
[UNK]  0.104096  0.750255  0.139680 -0.638561  0.702765 -0.761879  0.268776  1.409549  0.627641  1.238234
C      0.225728 -0.846798 -0.052050 -1.202788 -0.945561  0.007278  0.191544 -0.023114  0.107414 -0.324258
/     -0.151836 -0.442643  1.347659 -0.369849  1.946285 -0.845116  1.291826  1.737976 -0.922920 -0.291881
C      0.234506 -0.980352 -0.124622 -1.110430 -1.008254  0.067776  0.299127  0.011013  0.065841 -0.454303
/      0.069793 -0.277076  0.879512 -0.192542  1.997852 -1.182461  0.693749  2.116316 -1.237799 -1.014434
1     -0.659051 -0.013957 -0.727470 -0.985006 -0.111952  1.212071  0.061278  1.622647 -0.587946 -0.357274
=      1.254646 -0.260630  0.785497 -1.373537 -0.118420 -0.718155  1.112593  1.060205  0.026510  0.889175
C      0.312779 -0.927054 -0.092230 -1.193824 -0.979840  0.026516  0.265326 -0.052699  0.038460 -0.350360
\      0.065390 -0.636896  1.034707  0.037182 -0.528658  0.524426 -0.751270  0.453221  2.486449  0.087353

Example 57:
              0         1         2         3         4         5         6         7         8         9
[CLS] -1.037107 -1.749056 -0.167284  0.541560 -0.345172  0.374141  0.773098  0.143714 -1.321071  0.765115
[UNK]  0.655775  0.151785  0.142082 -1.289040  0.019979  0.015870 -0.367920  0.268190 -0.023154  0.694118
C      0.087989 -0.890316  0.396977 -1.184498 -0.886151  0.410985  0.278506 -0.381032  0.583906 -0.214729
[      0.965092  0.724589  0.031902  0.764243  0.104579 -1.575660  0.874431 -0.927427  2.057295 -0.033313
C      0.287300 -0.913220  0.194000 -1.288015 -1.001999  0.460894  0.471764 -0.395030  0.512239 -0.573238
@      0.652455  0.750214 -0.358644  1.042395 -0.146829 -0.535581  1.118250  0.469283  3.528990  0.688400
]      0.867286  0.227363 -0.640739 -0.306003  1.287489  0.210400 -1.687110 -0.176771  0.091362 -1.231305
1     -1.352639  1.390936 -0.085261 -0.496885  0.476595  2.070714  0.764608  0.300933  2.042364  0.582826
(      0.525647  1.351838  1.266978 -0.886715 -0.784907 -1.565800 -1.523311 -1.307381 -0.180609  0.460626
CC     1.118908 -0.599812  1.199321  0.298674  0.499125 -1.074722 -1.388481  0.040531  0.411689  1.376893

Example 58:
              0         1         2         3         4         5         6         7         8         9
[CLS] -1.407140 -0.058068 -0.305607 -0.269448 -0.530788  0.001177  0.825909  1.328340 -0.546774  0.972009
CC1    0.331266  0.963892  0.075589 -0.006709 -0.693198  1.922081 -1.405345  0.821583  2.013516  0.264904
=      0.701890 -0.144817  0.052353 -1.078369  0.262128 -0.512153  0.416568  0.457774 -0.380184  1.637549
C2C    0.025545 -0.427747  0.309857 -0.171959 -0.404758  0.182387 -0.823490  1.723591  1.834529  2.183665
[      0.962634  0.457840 -0.239620  0.734167  0.144323 -1.671014  0.939065 -1.029329  1.861848  0.128564
C      0.322048 -1.000188  0.121027 -1.175705 -0.810828  0.281645  0.369022 -0.062706  0.545109 -0.433980
@      0.849752  0.653655 -0.758398  0.817149 -0.854607 -0.410289  0.987506  1.214291  3.600628  0.798821
@      0.866353  0.646090 -0.834203  0.831919 -0.688940 -0.393199  0.904563  1.263908  3.599011  0.735086
H     -0.258544  1.190625  0.701047  1.087067  0.330600  0.724899  0.170147  0.804302 -1.714722  0.127822
]      0.748532 -0.215983 -0.773277 -0.002491  1.534315  0.053641 -1.909531 -0.109077  0.277350 -0.980799

Example 59:
              0         1         2         3         4         5         6         7         8         9
[CLS] -1.294611 -0.086007 -0.273441 -0.164731 -0.594523  0.020217  1.188492  1.327227 -0.483006  1.012683
C      0.128261 -1.175338  0.483656 -1.222169 -0.829736  0.385959  0.444538 -0.043093  0.595197 -0.319752
[      1.009037  0.653688 -0.234950  0.818354  0.168807 -1.496552  0.813169 -1.026674  1.887084  0.139876
C      0.222240 -1.108459  0.415197 -1.259160 -0.849022  0.335582  0.561114 -0.082952  0.478540 -0.510720
@      0.780864  0.594339 -0.718285  1.023278 -0.881023 -0.475542  1.095058  1.431322  3.309199  0.777295
@      0.805653  0.632808 -0.750480  1.059171 -0.761095 -0.481490  0.957216  1.415754  3.286738  0.698664
H     -0.075581  0.723459  1.078655  0.534627  0.748263  0.879167  0.446557  0.685765 -2.243133 -0.281322
]      0.985176 -0.132525 -0.710834  0.003531  1.578838  0.179730 -1.808534 -0.250955  0.179071 -1.081208
1CCC  -0.597565 -0.140659  1.535438 -1.474004 -0.222730 -1.139862 -0.215163  1.233546  1.656139  0.751905
=      0.365852  0.069862 -0.143050 -1.417438  0.956741 -0.227284  1.024548  0.844368 -0.422605  1.061929

Example 60:
               0         1         2         3         4         5         6         7         8         9
[CLS]  -1.301574 -0.186762 -0.283150 -0.068171 -0.295947 -0.076937  1.232016  0.911481 -0.921648  1.063252
C       0.099186 -1.164071  0.373558 -1.162210 -0.707407  0.322698  0.542323 -0.194674  0.481341 -0.508448
[       0.893112  0.577122 -0.061328  0.877001  0.338440 -1.511011  0.761734 -1.138229  2.108670  0.076078
C       0.203025 -1.095238  0.326561 -1.206985 -0.793325  0.259907  0.663980 -0.224907  0.396084 -0.635716
@       0.798867  0.551317 -0.693928  0.891030 -0.637545 -0.412009  0.838992  1.074204  3.426512  0.697153
@       0.901978  0.551767 -0.788192  0.915909 -0.578809 -0.416086  0.737497  1.038724  3.370525  0.599779
H      -0.027825  0.962390  0.941308  0.517817  0.665828  0.844063  0.306036  0.562529 -2.156991 -0.205163
]       0.793053 -0.099475 -0.726153 -0.124137  1.635594  0.041947 -1.748070 -0.238390  0.037879 -1.029626
1CCCC2 -1.607233 -0.301808  1.339688 -0.544107 -0.945471 -0.647957 -1.497892  0.457439  1.455828  0.650366
=       0.399831 -0.278403  0.415715 -1.259327  0.481246 -0.480272  0.180195  0.060143 -0.111136  1.853856

Example 61:
              0         1         2         3         4         5         6         7         8         9
[CLS] -1.214590 -0.062074 -0.281912 -0.092911 -0.583607  0.116596  1.265259  1.343164 -0.439845  1.039271
C      0.075287 -1.126680  0.488435 -1.211286 -0.833980  0.402033  0.444567  0.008255  0.658783 -0.305565
[      0.991127  0.757841 -0.310877  0.865983  0.110736 -1.501129  0.852211 -0.971597  1.969270  0.167278
C      0.157380 -1.023014  0.449478 -1.237965 -0.877217  0.328839  0.572331 -0.030152  0.542312 -0.461495
@      0.754125  0.682455 -0.615231  1.100542 -0.798158 -0.526583  0.948827  1.511816  3.318016  0.768866
H     -0.032891  0.809292  1.005982  0.650418  0.762724  1.026951  0.467881  0.611536 -2.135813 -0.455599
]      0.952693 -0.083994 -0.649067 -0.015156  1.586816  0.228028 -1.828563 -0.182475  0.261261 -1.105617
1CCC  -0.832531 -0.140098  1.298206 -1.381302 -0.009311 -1.127502 -0.091490  1.134226  1.619837  0.731481
=      0.426302  0.113877 -0.179676 -1.387155  0.903812 -0.180929  0.888091  0.785481 -0.366971  1.022201
C      0.443668 -1.018892  0.392321 -1.165768 -0.818052  0.251020  0.480431 -0.147805  0.271535 -0.317103

Example 62:
                0         1         2         3         4         5         6         7         8         9
[CLS]   -0.912777  0.227716 -0.409059 -0.185781 -0.866103  0.281330  1.095623  1.451173 -0.685756  0.964890
CC1CCC2 -0.951235  0.654359 -0.778420 -0.838171 -1.533959  0.208713 -1.057830  1.752352 -0.008606 -0.445126
=        0.829046 -0.130896 -0.494413 -1.347628  1.655177 -0.049633  0.702262  1.050757 -0.338750  1.199034
C        0.333769 -0.578533 -0.103704 -1.185039 -0.785870  0.377328  0.110204 -0.053380  0.080200 -0.318561
(        0.456974  1.240688  0.422427 -0.341841 -0.690839 -0.712577 -1.726612 -1.161623  0.255687  0.225193
CCC      0.187244 -0.355234  0.216679  0.074350 -0.157396  0.300681  0.018144  0.994082  1.032717  2.016313
(        0.443958  1.237866  0.409352 -0.360694 -0.689688 -0.726858 -1.728721 -1.185065  0.255285  0.233526
CC12    -0.397513  1.782016  0.201843 -0.846831  1.615229  1.609351 -1.474978  2.074624 -0.090143 -0.273126
)        0.440402  0.357837 -0.000878 -1.151567 -0.796022  0.163952 -0.005354 -0.563635 -0.363872  0.377649
C        0.435137 -0.439914  0.043191 -1.302186 -0.719013  0.466437  0.066648 -0.221648  0.393009 -0.263251

Example 63:
               0         1         2         3         4         5         6         7         8         9
[CLS]  -1.306282 -0.080322 -0.159071 -0.138768 -0.505608  0.066577  1.078981  1.137123 -0.592466  1.062897
[UNK]   0.886082 -0.453041 -0.031024 -0.431210  0.405209 -0.725495 -0.101514  0.645596  0.109958  1.192936
C       0.167613 -0.951042  0.391344 -1.286179 -0.755998  0.289728  0.441810 -0.200552  0.403491 -0.440336
[       0.897481  0.544261 -0.172402  0.949297  0.220114 -1.667691  0.854713 -0.973028  1.891287  0.096312
C       0.296715 -1.015904  0.267683 -1.368109 -0.831493  0.361663  0.609941 -0.194774  0.324592 -0.697546
@       0.474613  0.298205  0.018418  0.942100 -0.049087 -0.392554  1.289526  0.447241  3.405452  0.873129
]       0.951546  0.050595 -0.746271  0.076744  1.635426  0.219627 -1.682797 -0.333654  0.023222 -1.101577
12CCCC -0.775436  0.764681  0.707288 -1.686087  0.102671 -0.425120 -0.602848  0.584150 -0.375208  0.734879
(       0.443878  1.512111  0.635517 -0.571381 -0.566618 -0.961924 -1.505210 -1.109785  0.516929  0.680757
=       1.243660 -0.724762  1.093095 -1.252442 -0.489389 -0.915521  0.742450  0.636956 -0.107239  1.351765

Example 64:
              0         1         2         3         4         5         6         7         8         9
[CLS] -1.121157 -0.217697 -0.429958 -0.055191 -0.024172 -0.381756  0.912058  1.022648 -0.914429  0.774931
CC1   -0.414191  0.999849 -0.220286  0.325659 -0.148427  1.643827 -1.203136  1.344925  1.438437 -0.208993
=      0.651931 -0.182474  0.354064 -0.830457  0.649575 -1.077138  0.356717  0.241955 -0.275179  1.777891
COC2   0.296628  0.482859 -0.026951  0.892528 -0.679572 -1.655008 -0.248313  1.571247  0.593175  0.453872
=      0.891101 -0.543146  0.472351 -1.083363  0.617794 -0.750347  0.439140 -0.053538 -0.351724  1.525601
C1C    0.426988  0.639541  0.804435 -1.246264  0.471481  0.290596 -0.716505 -0.462996  0.885384  0.994299
[      0.777321  0.402964 -0.158555  0.833061  0.492169 -1.780365  0.749706 -1.132559  1.822899 -0.145690
C      0.047490 -0.904666  0.271097 -1.241173 -0.981266  0.202493  0.135128  0.067745  0.353198 -0.641897
@      0.899466  0.779692 -0.844122  0.933140 -0.468206 -0.616590  1.037223  1.203869  3.204550  0.429039
H      0.093923  1.293621  0.419555  0.610921  0.688362  0.642591  0.167641  0.676099 -2.178519 -0.077236

Example 65:
              0         1         2         3         4         5         6         7         8         9
[CLS] -1.771969 -0.054668 -0.160896 -0.481142 -0.081070 -0.071221  0.863795  2.126822 -0.983568  0.127200
C      0.264076 -1.084224  0.035131 -0.893143 -0.728253  0.232561  0.212279 -0.004049  0.456986 -0.575960
/     -0.841156  0.976885  0.831281 -0.026563  0.381684 -1.400414  1.110197  0.726702 -0.637564  1.212134
C      0.362338 -1.000962  0.093025 -0.848466 -0.781702  0.262899  0.315986 -0.094903  0.377149 -0.543320
/     -0.392733 -0.036147  0.834191  0.230328  1.930810 -1.275013  0.607178  2.050424 -1.544535 -0.786207
1     -0.376515  0.149122 -0.931830 -0.972947  0.173149  1.363950  0.648215  1.427635 -0.265455 -0.257880
=      1.080988  0.177878  0.610157 -1.433271 -0.245613 -0.545033  0.838483  0.744615  0.172529  1.151327
C      0.454547 -1.021325  0.068666 -0.900795 -0.777061  0.254858  0.285937 -0.101264  0.361882 -0.458100
/      0.577352 -0.309510  1.547216  0.534792  0.592042 -1.400814 -0.622841  1.055858 -0.066151 -0.274525
CC     0.573303  0.081232  0.691830  0.593714  1.662954 -0.738522 -1.127040  0.573192  0.817979  1.480517

Example 66:
              0         1         2         3         4         5         6         7         8         9
[CLS] -1.132598 -0.606013 -0.257717 -0.060492 -0.453662  0.172146  0.912768  0.847700 -0.717258  0.928611
C      0.151538 -1.222863  0.406788 -1.177006 -0.897247  0.229507  0.332486 -0.188161  0.445903 -0.459487
[      0.918048  0.517534 -0.130012  0.823437  0.313921 -1.536209  0.914280 -1.061511  2.023797  0.121985
C      0.150489 -1.131609  0.366783 -1.186949 -0.930052  0.155758  0.477766 -0.208438  0.312009 -0.580701
@      0.774060  0.595411 -0.729720  0.992016 -0.693372 -0.563465  0.891488  1.431663  3.385761  0.506182
H      0.527338  0.896594  0.750581  0.312167  0.530903  0.671785  0.853897  0.379551 -1.639664 -0.137619
]      0.803945 -0.197189 -0.775566 -0.162643  1.425789  0.232620 -1.646461 -0.214693  0.157320 -0.966011
1CC    0.548536  0.622590  2.071415 -0.646500  0.217413 -2.119080 -1.206033  0.626098  1.104056  0.717887
[      0.973389  0.466212 -0.132007  0.806092  0.241990 -1.552728  0.935212 -1.020079  2.037083  0.107352
C      0.234512 -1.124483  0.303068 -1.214369 -0.970510  0.228423  0.454451 -0.202195  0.332651 -0.630509

Example 67:
              0         1         2         3         4         5         6         7         8         9
[CLS] -1.165592  0.248506 -0.574283 -0.356994 -0.125835 -0.524509  1.163023  1.646312 -0.635299  0.749358
CC1   -0.402102  0.893253 -0.141826 -0.102131  0.236496  1.867724 -0.939328  1.500672  1.674579 -0.473279
=      0.969243 -0.136372  0.611892 -1.417811  0.850196 -1.095834  0.744115  0.572911 -0.823416  0.869021
C2CC3 -0.335378 -0.140268 -1.235021  0.442724 -1.353396 -1.127158  0.193566  3.055446 -0.555983  1.557917
=      0.786216 -0.400550  0.523016 -1.636965  1.236042 -0.799704  0.968246  0.358758 -0.600344  0.587218
C      0.104537 -0.834998 -0.147973 -1.126336 -0.529483  0.129545  0.137774 -0.058440  0.022814 -0.366662
(      0.223599  1.380183  0.609376 -0.566126 -0.177613 -1.076998 -1.672244 -1.045311  0.137261  0.514564
CC2   -0.720849  0.535790  0.201667 -0.740419  0.826588 -0.088571 -0.315158  0.197995  0.357139  0.229329
(      0.213954  1.402901  0.601848 -0.556331 -0.178606 -1.074027 -1.679147 -1.031449  0.156196  0.526725
C     -0.120602 -1.038933 -0.131598 -1.046518 -0.465665  0.074849  0.100846  0.048930  0.051645 -0.420714

Example 68:
              0         1         2         3         4         5         6         7         8         9
[CLS] -1.220606 -0.162729 -0.305976 -0.010903 -0.437026  0.032706  1.209502  1.103662 -0.417729  1.061544
C      0.046315 -1.209157  0.449884 -1.265397 -0.833183  0.426527  0.445199 -0.139435  0.483201 -0.443318
[      1.057069  0.619980 -0.261170  0.745554  0.086936 -1.497624  0.790676 -1.112467  2.055752  0.125634
C      0.147200 -1.105470  0.356366 -1.269202 -0.879033  0.377153  0.549589 -0.128653  0.353901 -0.592132
@      0.785151  0.654338 -0.740302  0.970260 -0.793051 -0.529967  1.051435  1.295248  3.393738  0.832253
@      0.815623  0.676566 -0.749570  1.012571 -0.665083 -0.532446  0.883740  1.284371  3.363992  0.721139
H      0.234999  0.717222  0.832386  0.644520  0.765594  0.755040  0.654590  0.556418 -2.378158 -0.184294
]      0.986636 -0.121869 -0.826462  0.067817  1.644735  0.111486 -1.781834 -0.239353  0.199520 -1.090984
1CC   -1.068224  0.980790  1.382837 -1.145576  1.056665 -0.730004  0.043452  0.491210  1.229782  1.361783
[      1.091311  0.558371 -0.286674  0.744691  0.038156 -1.507512  0.818731 -1.068765  2.090686  0.098735

Example 69:
              0         1         2         3         4         5         6         7         8         9
[CLS] -1.705988 -0.048945 -0.120873 -0.476283 -0.538687 -0.295449  1.043936  1.598971 -0.861692  0.952356
CC1    0.077249  0.938425  0.551159  0.352980 -0.594521  1.805714 -1.504196  1.139916  1.672202  0.614219
=      0.505506 -0.324186  0.571561 -1.066703  0.203888 -1.032460  0.394405  0.608227 -0.412974  2.060267
CC     0.834178  0.097697  1.404097  0.033965  1.323138 -1.053938 -1.886359  0.516702  1.159954  1.453898
[      0.991178  0.402674 -0.058353  0.827057  0.183007 -1.650917  0.946999 -0.910749  1.880022  0.093603
C      0.183913 -0.897676  0.200909 -1.129424 -0.997251  0.371227  0.257390  0.076690  0.285642 -0.482904
@      0.861587  0.649652 -0.742539  0.768450 -0.913576 -0.566610  0.945844  1.208177  3.630990  0.915252
@      0.847539  0.662354 -0.807329  0.779175 -0.738263 -0.571727  0.852683  1.223511  3.630610  0.861556
H     -0.365502  1.190547  0.733813  1.331270  0.471015  1.041925 -0.067006  0.806309 -1.746729  0.133684
]      0.575141 -0.219327 -0.693061 -0.206616  1.491843  0.120661 -1.745430 -0.180342  0.182278 -1.049707

Example 70:
              0         1         2         3         4         5         6         7         8         9
[CLS] -1.199744 -0.741895 -0.338229 -0.026357 -0.411744  0.178341  0.772482  0.879424 -0.863064  1.131249
C      0.180302 -1.218580  0.335409 -1.069879 -0.812439  0.197647  0.398480 -0.307311  0.576443 -0.451303
[      0.904522  0.500993 -0.094213  0.888250  0.279326 -1.451155  0.813600 -1.161266  2.030205  0.057505
C      0.242277 -1.150311  0.270843 -1.096071 -0.873915  0.197907  0.537763 -0.324923  0.432148 -0.610429
@      0.680820  0.599504 -0.789555  0.955438 -0.704526 -0.453031  1.133656  1.134368  3.376362  0.643702
@      0.782592  0.638910 -0.822984  0.993774 -0.567746 -0.442509  1.008436  1.080287  3.324419  0.517373
H      0.206764  0.934390  1.038393  0.523751  0.226542  0.225431  0.690210  0.462148 -2.097279  0.104372
]      0.769884 -0.047602 -0.772020 -0.013388  1.490024  0.009001 -1.625527 -0.374352  0.191271 -1.007131
1CC    0.197790  0.215462  2.523116 -0.676062 -0.112422 -2.599170 -1.280501  0.555875  0.895673  0.959211
[      0.914673  0.463254 -0.116148  0.899242  0.228675 -1.467073  0.845809 -1.141400  2.051504  0.016774

Example 71:
              0         1         2         3         4         5         6         7         8         9
[CLS] -1.257685 -0.698246 -0.337845  0.069632 -0.316425  0.409929  0.616037  0.661580 -0.963185  1.119618
C      0.081747 -1.152958  0.440532 -1.220144 -0.788686  0.417012  0.331807 -0.393772  0.680409 -0.346237
[      0.970267  0.685188 -0.033186  0.744770  0.137893 -1.629609  0.873751 -1.107000  2.048445  0.083863
C      0.188178 -0.970435  0.292520 -1.250218 -0.953526  0.401603  0.555651 -0.388107  0.527283 -0.502785
@      0.873722  0.858703 -0.714487  0.931848 -0.760767 -0.514822  1.087917  0.985293  3.413519  0.632572
@      0.726140  0.488222 -0.341106  0.851869  0.135799 -0.560155  1.107766  0.174467  3.193788  1.066072
]      0.870625  0.179990 -0.516802 -0.274382  1.258329  0.145906 -1.612834 -0.251578  0.003805 -1.064303
1     -0.717802  1.345674 -0.262919 -0.682215  0.632060  2.357954  0.567677  0.331323  2.160794  0.679491
(      0.608213  1.420146  1.152348 -0.877387 -0.922144 -1.523482 -1.626302 -1.294202 -0.172550  0.535862
CC     1.150079 -0.633490  1.247887  0.317477  0.430461 -1.148249 -1.424311 -0.078529  0.256107  1.331039

Example 72:
              0         1         2         3         4         5         6         7         8         9
[CLS] -0.933124 -0.063176 -0.487524  0.044080 -0.485523 -0.199825  1.212617  1.219253 -0.678874  1.320635
CC1    0.012943  1.137794 -0.667159 -0.233585  0.735400  0.890251 -0.614248  1.156569  1.032233  0.259261
(      0.374630  1.574848  0.526090 -0.310346 -0.515105 -1.312979 -1.676772 -0.752493  0.703619  0.769440
CCCC2 -0.112160  0.411225 -0.869419 -0.026400  0.436296 -0.673465  0.320238  0.668365  1.097214  0.724040
(      0.370483  1.550316  0.518511 -0.323642 -0.523340 -1.322683 -1.678045 -0.757939  0.696820  0.752556
C3C1  -0.215048  0.095248  0.474008  0.597471  0.428539 -1.522951  0.215272  2.551749 -0.095146  1.598985
##C2  -0.280919 -0.088039  0.199503 -0.400551 -1.028876 -1.756524  0.234264  1.027076  0.607787  1.039208
##C   -0.191845 -0.423506 -0.191189 -1.489711  0.354879 -0.289857 -0.957559 -0.274756  1.532087  0.021309
(      0.376849  1.576857  0.504812 -0.260334 -0.510428 -1.313099 -1.657591 -0.742141  0.700380  0.735974
=      1.309781 -0.377434  1.070093 -1.325935  0.067001 -1.053420  0.844689  0.594169 -0.328394  0.984865

Example 73:
              0         1         2         3         4         5         6         7         8         9
[CLS] -1.433126  0.290121  0.006340 -0.360068  0.289561 -0.558527  1.392409  1.553018 -0.909501  0.721398
C      0.110197 -1.031757 -0.477368 -0.725544 -0.350527  0.408836  0.294584  0.362555  0.173832 -0.794848
/     -0.989678 -0.240274  0.794019 -0.373476  2.124505 -0.785890  0.916328  1.307921 -0.895561 -1.350891
C      0.269460 -1.028598 -0.416128 -0.802381 -0.475834  0.398511  0.450928  0.147176 -0.099014 -0.758547
=      1.096838  0.270804  0.264054 -1.728566  0.029697 -0.782157  1.322426  0.788317  0.760746  1.031663
C      0.359502 -1.072082 -0.451836 -0.723258 -0.478477  0.386948  0.362984  0.117900 -0.002636 -0.736031
/     -0.236303 -0.009862  0.011198 -0.170652  1.677040 -1.020287 -0.357043  1.615998  0.294055 -0.609135
C      0.345232 -1.053273 -0.601343 -0.591575 -0.326328  0.485218  0.138490  0.280623  0.176669 -0.723739
#     -1.521978  1.058170  0.262134 -0.624637 -0.253573 -0.888973  0.274879 -0.847042 -0.515001  0.170627
CC     0.495107 -0.069537 -0.252962  1.042704  1.887999 -0.182403 -0.931437  0.981879  0.310949  0.673181

Example 74:
              0         1         2         3         4         5         6         7         8         9
[CLS] -0.390552 -1.174831  0.059840  0.329813 -0.236007 -0.096310  1.511444  0.370682 -1.094375  1.285429
C      0.004172 -1.129351  0.457708 -1.389267 -0.602103  0.427719  0.415746 -0.081386  0.601510 -0.547898
[      0.840147  0.634847 -0.225518  0.793418  0.210289 -1.511522  0.730494 -0.965811  1.945625  0.100919
C      0.149345 -1.063276  0.293016 -1.416209 -0.690487  0.438104  0.542077 -0.084370  0.446395 -0.733909
@      0.299610  0.152638 -0.073653  0.764568 -0.008629 -0.284621  1.334212  0.540340  3.409033  1.079969
]      1.120968 -0.345075 -0.885606  0.183152  1.777970  0.215314 -1.944862 -0.407824 -0.065228 -0.778074
12CCC  0.122267  1.055609  0.550796 -2.149364 -0.494072  0.112592  0.177951  0.132986  0.603674  0.703685
[      0.871320  0.597019 -0.258712  0.767954  0.176399 -1.505798  0.735675 -0.924857  1.983479  0.082969
C      0.127988 -1.040215  0.303325 -1.431612 -0.723359  0.416622  0.559389 -0.040177  0.461489 -0.666659
@      0.737986  0.575680 -0.629993  0.835252 -0.581838 -0.435198  1.052385  1.272225  3.263946  0.701540

Example 75:
              0         1         2         3         4         5         6         7         8         9
[CLS] -1.176823 -0.103090 -0.356648 -0.096899 -0.198433 -0.425342  1.033439  1.168535 -0.926788  0.700211
CC1   -0.390038  1.174646 -0.181139  0.191808 -0.316745  1.803265 -1.220325  1.317579  1.624417 -0.118490
=      0.531854 -0.076205  0.341580 -1.081702  0.452199 -1.066429  0.269014  0.173045 -0.230980  1.740891
COC2   0.265799  0.435940  0.093746  0.723990 -0.938494 -1.570334 -0.293621  1.507583  0.784682  0.411822
=      0.786946 -0.447649  0.500655 -1.300073  0.422155 -0.757991  0.361524 -0.090277 -0.264700  1.482291
C1C    0.617004  0.353149  0.755922 -1.259143  0.939770  0.497721 -0.619421 -0.326543  0.928289  1.260374
[      0.797456  0.427069 -0.178758  0.839452  0.370025 -1.791763  0.818602 -1.068209  1.891290 -0.192211
C      0.016086 -0.969694  0.323741 -1.275709 -0.895135  0.204642  0.214070  0.086765  0.455513 -0.708059
@      0.931106  0.848667 -0.836606  0.868602 -0.557098 -0.648004  0.994153  1.292713  3.311525  0.464196
H     -0.011142  1.212604  0.435657  0.668175  0.480725  0.626124  0.175979  0.724015 -2.159915 -0.117322

Example 76:
              0         1         2         3         4         5         6         7         8         9
[CLS] -1.279093  0.241971 -0.724397 -0.579031 -0.315161 -0.545031  1.381601  1.628191 -0.626444  0.769613
CC1   -0.017865  1.187489 -0.065082 -0.218770  0.014247  1.476115 -1.564583  1.351644  1.976454 -0.304621
=      0.210520  0.120099  0.388273 -1.100658  0.423237 -0.877690  0.619896  0.499515 -0.327696  1.178465
CC     0.240712  0.334484  0.083930  0.163547  1.733417 -0.855247 -1.038602  1.114556  0.280137  1.385483
=      0.317948  0.076920  0.355531 -1.263029  0.767898 -1.259487  0.813270  0.363917 -0.659271  1.009966
CC2   -0.287628  1.241313 -0.354184 -0.540319  0.285385 -1.029504 -0.054818  1.910729  0.947417  0.551748
(     -0.016520  1.070753  0.492976 -0.465239 -0.344937 -1.118022 -1.426361 -1.113581  0.060577  0.651022
C1CC3  0.588630 -1.300177 -1.453645  0.308423 -0.062205 -0.471090 -0.937385  0.589265 -1.058860  1.444372
=      0.801543  0.073826  0.118445 -1.895991  1.194500 -0.685125  0.663566  0.001805 -0.783495  0.386517
C     -0.025306 -0.974355  0.018723 -1.038611 -0.696792  0.217832  0.201320  0.047359  0.155352 -0.258333

